
<frame>
class:human.female
body::(0.0,0.0,0.0):(0.0,0.0,0.0):HPb:(1.2,1.16,1.2)
head:body:(0.0,31.0,1.0):(0.0,0.0,0.0):HPb:
l_breast:body:(4.5,13.0,-5.5):(0.0,0.0,0.0):---:(1.25,1.2,1.23)
r_breast:body:(-4.5,13.0,-5.5):(0.0,0.0,0.0):---:(1.25,1.2,1.23)
l_arm1:body:(9.0,19.0,1.5):(0.0,0.0,0.0):bPh:(1.2,1.17,1.2)
l_arm2:l_arm1:(0.5,-19.0,0.2):(0.0,0.0,0.0):HPB:(1.18,1.17,1.18)
l_hand:l_arm2:(0.0,-18.0,0.2):(0.0,0.0,0.0):Hbp:(1.15,1.15,1.15)
r_arm1:body:(-9.0,19.0,1.5):(0.0,0.0,0.0):bPh:(1.2,1.17,1.2)
r_arm2:r_arm1:(-0.5,-19.0,0.2):(0.0,0.0,0.0):HPB:(1.18,1.17,1.18)
r_hand:r_arm2:(0.0,-18.0,0.2):(0.0,0.0,0.0):Hbp:(1.15,1.15,1.15)
waist:body:(0.0,0.0,0.0):(0.0,0.0,0.0):HPB:(1.2,1.15,1.2)
l_leg1:waist:(3.5,-14.5,0.0):(0.0,0.0,0.0):bPh:(1.2,1.17,1.2)
l_leg2:l_leg1:(1.5,-35.5,1.5):(0.0,0.0,0.0):bPh:(1.18,1.17,1.18)
l_foot:l_leg2:(-0.5,-38.0,0.5):(0.0,0.0,0.0):HPB:(1.15,1.1,1.15)
r_leg1:waist:(-3.5,-14.5,0.0):(0.0,0.0,0.0):bPh:(1.2,1.17,1.2)
r_leg2:r_leg1:(-1.5,-35.5,1.5):(0.0,0.0,0.0):bPh:(1.18,1.17,1.18)
r_foot:r_leg2:(0.5,-38.0,0.5):(0.0,0.0,0.0):HPB:(1.15,1.1,1.15)
</>

<skin>
1,0,0,0,0,0,0:arcueid.head
0,1,0,0,0,0,0:female.body
0,0,1,0,0,0,0:female.arms
0,0,0,2,0,0,0:female.l_hand
0,0,0,1,0,0,0:female.r_hand
0,0,0,0,1,0,0:female.waist
0,0,0,0,0,1,0:female.legs
0,0,0,0,0,0,1:female.foots
</>

<defaultcos>
arcueid.trainer
arcueid.skirt
arcueid.pumps
</>

<trainer>
class:human.female
0,3,3,0,0,0,0:arcueid.trainer_vp
</>

<skirt>
class:human.
0,0,0,0,2,0,0:arcueid.skirt_vp
</>

<pumps>
class:human.
0,0,0,0,1,1,3:arcueid.pumps_vp
</>

<gumtape>
class:human.female
0,3,3,0,0,0,0:arcueid.gumtape_vp
</>

<head>
head:::arcueid.head
</>

<trainer_vp>
body:arcueid.trainer
l_breast:arcueid.trainer_lb
r_breast:arcueid.trainer_rb
l_arm1:arcueid.l_trainer1
l_arm2:arcueid.l_trainer2
l_hand:arcueid.l_trainer3
r_arm1:arcueid.r_trainer1
r_arm2:arcueid.r_trainer2
r_hand:arcueid.r_trainer3
waist:arcueid.trainer2
DynamicVisual:
body:13:(-5.0,2.0,-7.1):(-5.339835,2.006173,-8.077668):(0.0,0.0)
body:11:(5.0,2.0,-7.1):(5.339835,2.006173,-8.077668):(0.0,0.0)
waist:1:(-5.0,-3.0,-7.5):(-5.442200,-2.949149,-8.429667):(0.5,0.0)
waist:0:(5.0,-3.0,-7.5):(5.442200,-2.949149,-8.429667):(1.0,0.0)
waist:4:(5.0,-2.0,6.5):(5.419864,-1.807450,7.332394):(0.0,0.0)
body:66:(4.5,4.0,5.5):(5.062230,3.793979,6.255311):(0.0,0.0)
body:39:(-4.5,4.0,5.5):(-5.062230,3.793979,6.255311):(0.0,0.0)
waist:3:(-5.0,-2.0,6.5):(-5.419864,-1.807450,7.332394):(1.0,1.0)
r_arm1:0:(-3.0,1.5,0.0):(-3.894425,1.947213,0.000000):(1.0,0.0)
body:21:(-8.5,22.5,4.0):(-9.064528,23.226810,4.394575):(0.0,0.0)
body:20:(-8.5,22.5,0.0):(-9.043788,23.294518,-0.150108):(0.0,0.0)
r_arm1:2:(-2.0,0.5,-2.5):(-2.582899,0.830458,-3.242312):(0.5,1.0)
body:18:(-9.0,18.5,-2.5):(-9.752078,18.762402,-3.015923):(0.0,0.0)
r_arm1:3:(1.0,-3.0,-3.0):(1.424064,-2.850843,-3.893265):(1.0,1.0)
body:14:(-8.5,14.0,-1.0):(-9.466403,13.910723,-0.943234):(0.0,0.0)
r_arm1:4:(2.2,-5.0,0.0):(3.195297,-4.903131,0.000000):(0.0,0.0)
body:17:(-8.5,14.0,3.0):(-9.280627,13.773358,3.590456):(0.0,0.0)
r_arm1:6:(1.0,-3.0,3.0):(1.424064,-2.850843,3.893265):(0.0,0.0)
body:19:(-9.0,17.5,4.5):(-9.672293,17.378546,5.251778):(0.0,0.0)
r_arm1:5:(-2.0,0.5,2.5):(-2.582897,0.830458,3.242312):(0.0,0.0)
r_arm2:3:(3.2,-2.5,-0.0):(4.199216,-2.473040,0.028958):(1.0,1.0)
r_arm1:9:(1.5,-15.0,-3.0):(2.050694,-15.008898,-3.834660):(0.0,0.0)
r_arm1:10:(3.0,-15.0,0.2):(3.998370,-14.942951,0.199890):(0.0,0.0)
r_arm2:2:(1.5,-3.0,-3.0):(2.014307,-2.914665,-3.853351):(0.5,1.0)
r_arm2:1:(-1.5,-3.0,-3.0):(-2.036851,-2.941003,-3.841612):(0.5,0.0)
r_arm1:8:(-2.5,-15.0,-3.0):(-3.080675,-15.058012,-3.812066):(0.0,0.0)
r_arm2:0:(-3.0,-1.0,-0.0):(-3.999643,-1.000000,0.026733):(1.0,0.0)
r_arm1:7:(-3.7,-15.0,0.2):(-4.699821,-15.018921,0.200087):(0.0,0.0)
r_arm2:4:(-1.5,-0.0,2.8):(-2.013702,-0.000000,3.657969):(0.0,0.0)
r_arm1:11:(-2.5,-15.0,3.5):(-3.081235,-15.002283,4.313733):(0.0,0.0)
r_arm2:5:(1.5,-0.0,2.8):(1.990419,-0.000000,3.671487):(0.0,0.0)
r_arm1:12:(1.5,-15.0,3.5):(2.049713,-14.965643,4.334647):(0.0,0.0)
r_arm2:17:(1.5,-17.0,2.7):(2.070427,-17.038351,3.520452):(0.0,0.0)
r_hand:12:(1.9,-0.3,2.1):(2.437352,-0.877352,2.677350):(0.0,0.0)
r_arm2:12:(2.5,-17.0,-0.0):(3.499321,-17.036842,-0.000257):(0.0,0.0)
r_hand:13:(1.9,-0.3,-2.1):(2.437350,-0.877352,-2.677351):(0.0,0.0)
r_arm2:13:(1.5,-17.0,-2.7):(2.071148,-17.034172,-3.520136):(0.0,0.0)
r_hand:15:(-1.7,-0.3,-2.1):(-2.237352,-0.877352,-2.677350):(0.0,0.0)
r_arm2:14:(-1.5,-17.0,-2.7):(-2.070604,-17.049126,-3.519756):(0.0,0.0)
r_arm2:15:(-2.5,-17.0,-0.0):(-3.499751,-17.022364,0.000140):(0.0,0.0)
r_hand:14:(-1.7,-0.3,2.1):(-2.237351,-0.877352,2.677351):(0.0,0.0)
r_arm2:16:(-1.5,-17.0,2.7):(-2.071259,-17.006840,3.520741):(0.0,0.0)
body:38:(-8.2,4.0,-0.0):(-9.178412,3.881467,-0.134869):(0.0,0.0)
waist:2:(-10.5,-4.0,-0.0):(-11.487057,-4.031645,-0.048153):(0.5,1.0)
r_breast:21:(-0.3,3.3,-1.4):(-0.471190,3.942954,-2.172250):(0.0,0.0)
body:34:(-4.6,18.0,-5.3):(-4.634314,18.411697,-6.179195):(0.0,0.0)
r_breast:25:(1.6,2.8,-1.8):(1.682363,3.336847,-2.579664):(0.0,0.0)
body:0:(-2.1,17.2,-5.5):(-2.100696,17.628515,-6.374338):(1.0,0.0)
body:35:(-6.9,17.4,-4.8):(-7.313081,17.800100,-5.564629):(0.0,0.0)
r_breast:19:(-2.3,2.8,-1.1):(-2.712632,3.340148,-1.770143):(0.0,0.0)
body:36:(-8.5,15.7,-4.5):(-9.490954,15.852082,-4.710345):(0.0,0.0)
r_breast:17:(-3.7,1.3,-0.8):(-4.483250,1.665040,-1.309649):(0.0,0.0)
r_breast:6:(-4.4,-0.5,1.3):(-5.423798,-0.500932,1.156470):(0.0,0.0)
body:31:(-8.6,12.5,-2.8):(-9.564225,12.393342,-2.720297):(0.0,0.0)
body:32:(-8.1,10.3,-3.0):(-9.094755,10.064393,-2.929415):(0.0,0.0)
r_breast:7:(-3.8,-2.7,1.2):(-4.800294,-2.998882,1.067775):(0.0,0.0)
body:37:(-7.7,8.1,-3.5):(-8.661463,7.915751,-3.701352):(0.0,0.0)
r_breast:8:(-3.7,-2.5,-0.8):(-4.506195,-2.890049,-1.248185):(0.0,0.0)
body:33:(-5.0,5.0,-7.0):(-5.677366,4.890722,-7.761093):(0.0,0.0)
r_breast:10:(-1.7,-2.8,-2.8):(-2.193745,-3.263557,-3.631373):(0.0,0.0)
r_breast:11:(-0.6,-3.1,-3.0):(-0.784736,-3.537189,-3.950459):(0.0,0.0)
r_breast:16:(0.5,-2.8,-3.2):(0.543468,-3.166560,-4.183997):(0.0,0.0)
body:12:(-2.5,5.0,-7.0):(-2.487094,5.008315,-8.041909):(0.0,0.0)
r_breast:14:(3.0,-2.5,-3.0):(3.131738,-2.724257,-3.979902):(0.0,0.0)
body:80:(8.5,22.5,0.0):(9.043788,23.294518,-0.150108):(0.0,0.0)
body:81:(8.5,22.5,4.0):(9.064528,23.226810,4.394575):(0.0,0.0)
l_arm1:0:(3.0,1.5,0.0):(3.894425,1.947214,0.000000):(1.0,0.0)
l_arm1:2:(2.0,0.5,-2.5):(2.582898,0.830458,-3.242312):(0.5,1.0)
body:78:(9.0,18.5,-2.5):(9.752078,18.762402,-3.015923):(0.0,0.0)
l_arm1:3:(-1.0,-3.0,-3.0):(-1.424064,-2.850843,-3.893265):(1.0,1.0)
body:74:(8.5,14.0,-1.0):(9.466403,13.910723,-0.943234):(0.0,0.0)
l_arm1:4:(-2.2,-5.0,0.0):(-3.195297,-4.903131,0.000000):(0.0,0.0)
body:77:(8.5,14.0,3.0):(9.280627,13.773358,3.590456):(0.0,0.0)
l_arm1:6:(-1.0,-3.0,3.0):(-1.424064,-2.850843,3.893265):(0.0,0.0)
body:79:(9.0,17.5,4.5):(9.672293,17.378546,5.251778):(0.0,0.0)
l_arm1:5:(2.0,0.5,2.5):(2.582898,0.830458,3.242312):(0.0,0.0)
l_arm1:10:(-3.0,-15.0,0.2):(-3.998380,-14.943437,0.194026):(0.0,0.0)
l_arm1:9:(-1.5,-15.0,-3.0):(-2.036669,-15.009758,-3.843737):(0.0,0.0)
l_arm2:3:(-3.2,-2.5,-0.0):(-4.199510,-2.471023,0.011796):(1.0,1.0)
l_arm2:2:(-1.5,-3.0,-3.0):(-1.999418,-2.913793,-3.862062):(0.5,1.0)
l_arm1:8:(2.5,-15.0,-3.0):(3.069017,-15.058378,-3.820252):(0.0,0.0)
l_arm2:1:(1.5,-3.0,-3.0):(2.026134,-2.941468,-3.848385):(0.5,0.0)
l_arm2:0:(3.0,-1.0,-0.0):(3.999901,-1.000000,0.014080):(1.0,0.0)
l_arm1:7:(3.7,-15.0,0.2):(4.699796,-15.019634,0.195105):(0.0,0.0)
l_arm2:4:(1.5,-0.0,2.8):(2.013701,-0.000000,3.657969):(0.0,0.0)
l_arm1:11:(2.5,-15.0,3.5):(3.073694,-15.001956,4.319067):(0.0,0.0)
l_arm2:5:(-1.5,-0.0,2.8):(-1.990419,-0.000000,3.671487):(0.0,0.0)
l_arm1:12:(-1.5,-15.0,3.5):(-2.040639,-14.966210,4.340576):(0.0,0.0)
l_arm2:12:(-2.5,-17.0,-0.0):(-3.498802,-17.039883,0.028335):(0.0,0.0)
l_hand:12:(-1.9,-0.3,2.1):(-2.437352,-0.877352,2.677350):(0.0,0.0)
l_arm2:17:(-1.5,-17.0,2.7):(-1.989851,-17.033356,3.571169):(0.0,0.0)
l_hand:13:(-1.9,-0.3,-2.1):(-2.437351,-0.877352,-2.677351):(0.0,0.0)
l_arm2:13:(-1.5,-17.0,-2.7):(-2.015038,-17.035685,-3.556426):(0.0,0.0)
l_hand:15:(1.7,-0.3,-2.1):(2.237352,-0.877352,-2.677350):(0.0,0.0)
l_arm2:14:(1.5,-17.0,-2.7):(2.035903,-17.046986,-3.542972):(0.0,0.0)
l_arm2:15:(2.5,-17.0,-0.0):(3.499368,-17.023294,0.026902):(0.0,0.0)
l_hand:14:(1.7,-0.3,2.1):(2.237350,-0.877352,2.677351):(0.0,0.0)
l_arm2:16:(1.5,-17.0,2.7):(2.013695,-17.007149,3.557943):(0.0,0.0)
body:96:(8.2,4.0,-0.0):(9.178253,3.879933,-0.135015):(0.0,0.0)
waist:28:(10.5,-4.0,-0.0):(11.487057,-4.031645,-0.048153):(0.0,0.0)
l_breast:25:(-1.6,2.8,-1.8):(-1.682363,3.336847,-2.579664):(0.0,0.0)
body:92:(4.6,18.0,-5.3):(4.634314,18.411697,-6.179195):(0.0,0.0)
l_breast:21:(0.3,3.3,-1.4):(0.471189,3.942954,-2.172249):(0.0,0.0)
body:9:(2.1,17.2,-5.5):(2.100696,17.628515,-6.374338):(0.0,0.0)
l_breast:19:(2.3,2.8,-1.1):(2.712632,3.340148,-1.770143):(0.0,0.0)
body:93:(6.9,17.4,-4.8):(7.313081,17.800100,-5.564629):(0.0,0.0)
body:94:(8.5,15.7,-4.5):(9.490954,15.852082,-4.710345):(0.0,0.0)
l_breast:17:(3.7,1.3,-0.8):(4.483250,1.665040,-1.309649):(0.0,0.0)
l_breast:6:(4.4,-0.5,1.3):(5.423798,-0.500932,1.156470):(0.0,0.0)
body:89:(8.6,12.5,-2.8):(9.564225,12.393342,-2.720297):(0.0,0.0)
body:90:(8.1,10.3,-3.0):(9.095772,10.068954,-2.929836):(0.0,0.0)
l_breast:7:(3.8,-2.7,1.2):(4.800294,-2.998882,1.067775):(0.0,0.0)
body:95:(7.7,8.0,-3.5):(8.661504,7.816491,-3.701841):(0.0,0.0)
l_breast:8:(3.7,-2.5,-0.8):(4.506195,-2.890050,-1.248185):(0.0,0.0)
body:91:(5.0,5.0,-7.0):(5.676772,4.888021,-7.761341):(0.0,0.0)
l_breast:10:(1.7,-2.8,-2.8):(2.193744,-3.263557,-3.631373):(0.0,0.0)
l_breast:11:(0.6,-3.1,-3.0):(0.784735,-3.537189,-3.950459):(0.0,0.0)
l_breast:16:(-0.5,-2.8,-3.2):(-0.543468,-3.166560,-4.183997):(0.0,0.0)
body:10:(2.5,5.0,-7.0):(2.487094,5.008315,-8.041909):(0.0,0.0)
l_breast:14:(-3.0,-2.5,-3.0):(-3.131738,-2.724257,-3.979902):(0.0,0.0)
r_breast:23:(3.0,1.0,-3.0):(3.020792,1.400507,-3.941777):(0.0,0.0)
l_breast:23:(-3.0,1.0,-3.0):(-3.020792,1.400506,-3.941777):(0.0,0.0)
r_breast:13:(3.5,-0.8,-3.2):(3.631962,-0.775002,-4.187948):(0.0,0.0)
l_breast:13:(-3.5,-0.8,-3.2):(-3.631961,-0.775002,-4.187949):(0.0,0.0)
Material:
(245,245,255,255)::
FaceArray:
0,1,2:0
1,3,2:0
5,6,4:0
6,7,4:0
8,9,10:0
8,10,11:0
10,12,11:0
11,12,13:0
14,13,12:0
14,15,13:0
14,16,15:0
16,17,15:0
16,18,17:0
18,19,17:0
20,21,22:0
20,23,21:0
24,25,21:0
23,24,21:0
24,26,25:0
26,27,25:0
27,26,28:0
28,29,27:0
30,29,28:0
31,29,30:0
22,31,30:0
30,20,22:0
32,33,34:0
33,35,34:0
35,36,34:0
35,37,36:0
36,37,38:0
37,39,38:0
37,40,39:0
40,41,39:0
40,33,41:0
33,32,41:0
2,42,0:0
2,43,42:0
43,7,42:0
7,6,42:0
18,9,19:0
9,8,19:0
44,45,46:0
45,47,46:0
48,45,49:0
49,45,44:0
50,48,49:0
49,51,50:0
52,50,51:0
52,53,50:0
53,52,54:0
52,55,54:0
55,56,54:0
55,57,56:0
57,58,56:0
57,59,58:0
59,60,58:0
60,61,58:0
61,62,58:0
61,63,62:0
64,65,66:0
67,64,66:0
67,68,64:0
69,68,67:0
68,69,70:0
69,71,70:0
71,72,70:0
71,73,72:0
73,74,72:0
73,75,74:0
76,77,78:0
77,79,78:0
77,80,81:0
77,81,79:0
80,82,81:0
80,83,82:0
84,82,83:0
83,85,84:0
84,85,86:0
86,85,87:0
86,87,76:0
76,78,86:0
88,89,90:0
88,91,89:0
88,92,91:0
92,93,91:0
94,93,92:0
94,95,93:0
95,96,93:0
95,97,96:0
97,89,96:0
97,90,89:0
1,98,3:0
98,99,3:0
98,4,99:0
98,5,4:0
75,65,74:0
75,66,65:0
100,101,102:0
100,103,101:0
104,101,105:0
102,101,104:0
104,105,106:0
106,107,104:0
107,106,108:0
106,109,108:0
110,108,109:0
110,111,108:0
110,112,111:0
112,113,111:0
112,114,113:0
114,115,113:0
114,116,115:0
114,117,116:0
114,118,117:0
118,119,117:0
47,103,46:0
103,100,46:0
46,100,120:0
120,100,121:0
120,121,122:0
122,121,123:0
122,123,63:0
63,123,119:0
63,119,62:0
62,119,118:0
</>

<skirt_vp>
waist:::arcueid.skirt
skirt_f:waist:(0.0,-12.0,-3.0):arcueid.skirt_f
skirt_f2:skirt_f:(0.0,-35.0,-8.0):arcueid.skirt_f2
skirt_r:waist:(0.0,-20.0,10.0):arcueid.skirt_r
DynamicVisual:
waist:3:(-5.5,-7.0,-7.0):(-6.082231,-6.564504,-7.701070):(1.0,1.0)
waist:4:(5.5,-7.0,-7.0):(6.082231,-6.564504,-7.701070):(0.0,0.0)
skirt_f:0:(0.0,-8.0,-6.5):(0.000000,-7.938370,-7.538708):(1.0,0.0)
skirt_f:1:(-8.0,-8.0,-5.0):(-8.421047,-7.919015,-5.937146):(0.5,0.0)
waist:2:(-10.5,-9.0,-0.0):(-11.370713,-8.601626,0.157467):(0.5,1.0)
skirt_f:2:(-13.5,-15.0,2.0):(-14.324422,-14.899340,1.425469):(0.5,1.0)
waist:1:(-8.0,-16.0,8.5):(-8.480555,-15.675507,9.253992):(0.5,0.0)
skirt_r:1:(-8.5,-4.0,-0.0):(-8.647053,-3.895772,0.936160):(0.5,0.0)
skirt_r:3:(-10.0,-20.0,2.0):(-10.128767,-19.941429,2.943910):(1.0,1.0)
skirt_f:4:(-15.0,-25.0,2.0):(-15.824482,-24.899391,1.425547):(0.0,0.0)
skirt_f2:6:(-18.0,-12.0,12.0):(-18.634586,-12.714891,11.633788):(0.0,0.0)
skirt_r:4:(-11.5,-39.0,3.0):(-11.581461,-39.709732,3.680192):(0.0,0.0)
waist:0:(0.0,-16.0,9.5):(0.000000,-15.709964,10.406614):(1.0,0.0)
skirt_r:0:(0.0,-4.0,1.5):(0.000000,-3.900964,2.449810):(1.0,0.0)
skirt_f2:3:(-12.0,-5.5,0.7):(-12.576167,-5.516984,-0.150514):(1.0,1.0)
skirt_f:3:(-10.5,-31.0,-6.5):(-11.155674,-30.904509,-7.276284):(1.0,1.0)
skirt_f2:4:(0.0,-4.0,-1.2):(-0.000000,-4.023541,-2.242468):(0.0,0.0)
skirt_f:5:(0.0,-31.0,-8.5):(0.000000,-30.938869,-9.538753):(0.0,0.0)
skirt_f:14:(9.0,-31.0,-5.5):(8.405183,-31.145391,-4.747674):(0.0,0.0)
skirt_f:6:(-9.0,-31.0,-5.5):(-8.405183,-31.145391,-4.747674):(0.0,0.0)
skirt_f2:9:(11.0,-5.4,1.5):(10.580536,-5.525062,2.359770):(0.0,0.0)
skirt_f2:2:(-11.0,-5.4,1.5):(-10.580536,-5.525062,2.359770):(0.5,1.0)
skirt_f:8:(-13.0,-25.0,2.0):(-12.150642,-25.109938,2.478470):(0.0,0.0)
skirt_f2:8:(-16.5,-12.0,12.0):(-15.864878,-12.743372,12.268641):(0.0,0.0)
skirt_r:5:(-10.0,-20.0,0.5):(-9.939837,-20.109474,-0.537774):(0.0,0.0)
skirt_r:15:(-10.5,-39.0,1.5):(-10.389805,-39.751549,0.777337):(0.0,0.0)
skirt_f:9:(-12.0,-15.0,2.0):(-11.193129,-15.144857,2.535972):(0.0,0.0)
skirt_r:6:(-7.0,-5.0,-0.5):(-6.987094,-5.091520,-1.540252):(0.0,0.0)
waist:24:(4.0,-4.0,-4.5):(3.686615,-4.957515,-4.342147):(0.0,0.0)
waist:5:(-4.0,-4.0,-4.5):(-3.686615,-4.957515,-4.342147):(0.0,0.0)
skirt_f:15:(6.0,-8.0,-3.5):(5.581174,-8.157745,-2.644157):(0.0,0.0)
skirt_f:7:(-6.0,-8.0,-3.5):(-5.581174,-8.157745,-2.644157):(0.0,0.0)
waist:11:(-9.5,-9.0,-0.0):(-8.617152,-9.459971,-0.274843):(0.0,0.0)
waist:10:(-7.0,-16.0,8.0):(-6.577703,-16.403988,7.127613):(0.0,0.0)
waist:9:(7.0,-16.0,8.0):(6.577703,-16.403988,7.127613):(0.0,0.0)
skirt_r:7:(7.0,-5.0,-0.5):(6.987094,-5.091520,-1.540252):(0.0,0.0)
skirt_f:10:(8.0,-8.0,-5.0):(8.421047,-7.919015,-5.937146):(0.0,0.0)
waist:23:(10.5,-9.0,-0.0):(11.370713,-8.601626,0.157467):(0.0,0.0)
skirt_f:11:(13.5,-15.0,2.0):(14.324422,-14.899340,1.425469):(0.0,0.0)
waist:22:(8.0,-16.0,8.5):(8.480555,-15.675507,9.253992):(0.0,0.0)
skirt_r:8:(8.5,-4.0,-0.0):(8.647053,-3.895772,0.936160):(0.0,0.0)
skirt_r:9:(10.0,-20.0,2.0):(10.128767,-19.941429,2.943910):(0.0,0.0)
skirt_f:13:(15.0,-25.0,2.0):(15.824482,-24.899391,1.425547):(0.0,0.0)
skirt_f2:12:(18.0,-12.0,12.0):(18.634586,-12.714891,11.633788):(0.0,0.0)
skirt_r:11:(11.5,-39.0,3.0):(11.581461,-39.709732,3.680192):(0.0,0.0)
skirt_f2:10:(12.0,-5.5,0.7):(12.576167,-5.516984,-0.150514):(0.0,0.0)
skirt_f:12:(10.5,-31.0,-6.5):(11.155674,-30.904509,-7.276284):(0.0,0.0)
skirt_f:16:(13.0,-25.0,2.0):(12.150642,-25.109938,2.478470):(0.0,0.0)
skirt_f2:14:(16.5,-12.0,12.0):(15.864878,-12.743372,12.268641):(0.0,0.0)
skirt_r:12:(10.0,-20.0,0.5):(9.939837,-20.109474,-0.537774):(0.0,0.0)
skirt_r:14:(10.5,-39.0,1.5):(10.389805,-39.751549,0.777337):(0.0,0.0)
skirt_f:17:(12.0,-15.0,2.0):(11.193129,-15.144857,2.535972):(0.0,0.0)
waist:26:(9.5,-9.0,-0.0):(8.617152,-9.459971,-0.274843):(0.0,0.0)
Material:
(140,60,110,255)::
FaceArray:
0,1,2:0
0,2,3:0
4,0,3:0
4,3,5:0
4,5,6:0
6,5,7:0
7,5,8:0
8,5,9:0
8,9,10:0
8,10,11:0
12,6,13:0
13,6,7:0
9,14,10:0
9,15,14:0
15,16,14:0
15,17,16:0
18,19,20:0
20,19,21:0
19,22,21:0
21,22,23:0
23,22,24:0
24,25,23:0
26,27,22:0
27,24,22:0
28,29,30:0
30,29,31:0
31,29,32:0
31,32,26:0
26,32,33:0
26,33,27:0
27,33,34:0
27,34,35:0
36,2,1:0
36,1,37:0
38,36,37:0
39,38,37:0
40,38,39:0
41,38,40:0
42,38,41:0
43,42,41:0
44,43,41:0
13,39,12:0
40,39,13:0
43,45,42:0
45,46,42:0
45,16,46:0
16,17,46:0
20,47,18:0
48,47,20:0
49,47,48:0
48,50,49:0
47,35,51:0
47,49,35:0
52,28,30:0
51,52,30:0
34,52,51:0
35,34,51:0
48,44,50:0
48,43,44:0
25,11,23:0
11,10,23:0
</>

<pumps_vp>
waist:::arcueid.stocking
l_leg1:::arcueid.l_stocking1
l_leg2:::arcueid.l_stocking2
l_foot:::arcueid.l_pump
r_leg1:::arcueid.r_stocking1
r_leg2:::arcueid.r_stocking2
r_foot:::arcueid.r_pump
DynamicVisual:
l_leg1:2:(-1.0,-8.0,-5.0):(-1.581548,-8.072422,-5.810283):(0.5,1.0)
l_leg1:1:(-2.5,-8.0,0.0):(-3.497313,-8.028201,0.067619):(0.5,0.0)
waist:10:(1.0,-19.5,0.0):(0.874568,-20.457184,-0.223251):(0.0,0.0)
waist:7:(2.5,-15.5,-5.0):(2.753016,-15.934928,-5.805072):(0.0,0.0)
l_leg1:19:(3.0,-1.0,-5.0):(3.606678,-1.000000,-5.794949):(0.0,0.0)
waist:6:(7.0,-10.0,-4.5):(7.530272,-9.900728,-5.272727):(0.0,0.0)
l_leg1:18:(6.5,-1.5,0.0):(7.500000,-1.500000,0.000000):(0.0,0.0)
waist:9:(9.0,-9.0,0.0):(9.927979,-8.783856,0.240612):(0.0,0.0)
waist:20:(0.5,-20.0,5.5):(-0.265107,-20.491314,6.016381):(0.0,0.0)
l_leg1:5:(-1.5,-8.0,5.0):(-2.133574,-8.024368,5.773298):(0.0,0.0)
waist:21:(8.5,-16.0,3.5):(9.386593,-16.080429,3.942546):(0.0,0.0)
waist:19:(6.5,-19.5,5.5):(6.780624,-20.012056,6.350893):(0.0,0.0)
l_leg1:4:(3.0,-8.0,5.0):(3.606592,-8.011662,5.794928):(0.0,0.0)
l_leg1:13:(-2.0,-33.5,1.5):(-2.991587,-33.547077,1.379422):(0.0,0.0)
l_leg1:14:(0.0,-35.0,-1.5):(-0.487187,-35.140530,-2.361917):(0.0,0.0)
l_leg2:1:(-3.5,-4.0,0.0):(-4.454597,-4.040752,-0.295099):(0.5,0.0)
l_leg2:2:(-1.5,-1.0,-3.0):(-1.930170,-1.148411,-3.890466):(0.5,1.0)
l_leg1:15:(2.5,-35.0,-1.5):(2.987186,-35.140530,-2.361918):(0.0,0.0)
l_leg2:3:(1.0,-1.0,-3.0):(1.430171,-1.148411,-3.890466):(1.0,1.0)
l_leg2:0:(3.0,-4.0,0.0):(3.954600,-4.040752,-0.295099):(1.0,0.0)
l_leg1:12:(4.5,-33.5,1.5):(5.482428,-33.591042,1.337055):(0.0,0.0)
l_leg2:10:(1.0,-6.0,3.5):(1.674780,-5.931829,4.234865):(0.0,0.0)
l_leg1:16:(2.5,-31.0,4.5):(3.095111,-31.044964,5.302385):(0.0,0.0)
l_leg2:11:(-1.5,-6.0,3.5):(-2.174778,-5.931829,4.234865):(0.0,0.0)
l_leg1:17:(0.0,-31.0,4.5):(-0.696728,-31.058783,5.214924):(0.0,0.0)
l_foot:6:(-2.0,-2.0,1.0):(-2.964869,-1.999997,1.262742):(0.0,0.0)
l_leg2:15:(-2.5,-35.0,0.5):(-3.493877,-35.039314,0.396722):(0.0,0.0)
l_foot:2:(-2.0,-2.0,-2.0):(-2.987780,-1.860532,-2.069599):(0.5,1.0)
l_leg2:19:(-1.5,-35.0,3.0):(-2.059644,-35.096844,3.823057):(0.0,0.0)
l_foot:10:(-1.0,-2.0,2.5):(-1.496665,-1.961667,3.367098):(0.0,0.0)
l_leg2:16:(-1.5,-35.0,-1.5):(-2.025583,-35.035431,-2.350006):(0.0,0.0)
l_foot:13:(-1.0,-1.0,-4.0):(-1.317831,-0.265315,-4.599346):(0.0,0.0)
l_leg2:17:(0.5,-35.0,-1.5):(1.025212,-35.046360,-2.349710):(0.0,0.0)
l_foot:12:(1.5,-1.0,-4.0):(1.879694,-0.284949,-4.586967):(0.0,0.0)
l_foot:0:(2.5,-2.0,-2.0):(3.485603,-1.847907,-2.073890):(1.0,0.0)
l_leg2:14:(1.5,-35.0,0.5):(2.491973,-35.062275,0.389909):(0.0,0.0)
l_foot:4:(2.5,-2.0,1.0):(3.457094,-1.999997,1.289785):(0.0,0.0)
l_leg2:18:(0.5,-35.0,3.0):(1.058245,-35.113132,3.821930):(0.0,0.0)
l_foot:8:(1.5,-2.0,2.5):(1.972046,-1.962259,3.380768):(0.0,0.0)
waist:41:(-1.0,-19.5,0.0):(-0.874568,-20.457184,-0.223251):(0.0,0.0)
r_leg1:1:(2.5,-8.0,0.0):(3.497313,-8.028201,0.067619):(0.5,0.0)
r_leg1:2:(1.0,-8.0,-5.0):(1.581548,-8.072422,-5.810283):(0.5,1.0)
waist:39:(-2.5,-15.5,-5.0):(-2.753016,-15.934928,-5.805072):(0.0,0.0)
r_leg1:19:(-3.0,-1.0,-5.0):(-3.606678,-1.000000,-5.794949):(0.0,0.0)
waist:38:(-7.0,-10.0,-4.5):(-7.530272,-9.900728,-5.272727):(0.0,0.0)
r_leg1:18:(-6.5,-1.5,0.0):(-7.500000,-1.500000,0.000000):(0.0,0.0)
waist:40:(-9.0,-9.0,0.0):(-9.927979,-8.783856,0.240612):(0.0,0.0)
r_leg1:5:(1.5,-8.0,5.0):(2.133574,-8.024368,5.773298):(0.0,0.0)
waist:47:(-0.5,-20.0,5.5):(0.265107,-20.491314,6.016381):(0.0,0.0)
waist:48:(-8.5,-16.0,3.5):(-9.386593,-16.080429,3.942546):(0.0,0.0)
r_leg1:4:(-3.0,-8.0,5.0):(-3.606592,-8.011662,5.794928):(0.0,0.0)
waist:46:(-6.5,-19.5,5.5):(-6.780624,-20.012056,6.350893):(0.0,0.0)
r_leg2:1:(3.5,-4.0,0.0):(4.454597,-4.040752,-0.295099):(0.5,0.0)
r_leg1:14:(-0.0,-35.0,-1.5):(0.487187,-35.140530,-2.361917):(0.0,0.0)
r_leg1:13:(2.0,-33.5,1.5):(2.991587,-33.547077,1.379422):(0.0,0.0)
r_leg2:2:(1.5,-1.0,-3.0):(1.930170,-1.148411,-3.890466):(0.5,1.0)
r_leg1:15:(-2.5,-35.0,-1.5):(-2.987186,-35.140530,-2.361918):(0.0,0.0)
r_leg2:3:(-1.0,-1.0,-3.0):(-1.430171,-1.148411,-3.890466):(1.0,1.0)
r_leg2:0:(-3.0,-4.0,0.0):(-3.954600,-4.040752,-0.295099):(1.0,0.0)
r_leg1:12:(-4.5,-33.5,1.5):(-5.482428,-33.591042,1.337055):(0.0,0.0)
r_leg2:10:(-1.0,-6.0,3.5):(-1.674780,-5.931829,4.234865):(0.0,0.0)
r_leg1:16:(-2.5,-31.0,4.5):(-3.095111,-31.044964,5.302385):(0.0,0.0)
r_leg2:11:(1.5,-6.0,3.5):(2.174778,-5.931829,4.234865):(0.0,0.0)
r_leg1:17:(-0.0,-31.0,4.5):(0.696728,-31.058783,5.214924):(0.0,0.0)
r_foot:2:(2.0,-2.0,-2.0):(2.987780,-1.860535,-2.069599):(0.5,1.0)
r_leg2:15:(2.5,-35.0,0.5):(3.493877,-35.039314,0.396722):(0.0,0.0)
r_foot:6:(2.0,-2.0,1.0):(2.964741,-1.982492,1.262627):(0.0,0.0)
r_leg2:19:(1.5,-35.0,3.0):(2.059644,-35.096844,3.823057):(0.0,0.0)
r_foot:10:(1.0,-2.0,2.5):(1.496059,-1.942242,3.366369):(0.0,0.0)
r_leg2:16:(1.5,-35.0,-1.5):(2.025583,-35.035431,-2.350006):(0.0,0.0)
r_foot:13:(1.0,-1.0,-4.0):(1.332841,-0.267445,-4.593785):(0.0,0.0)
r_leg2:17:(-0.5,-35.0,-1.5):(-1.025212,-35.046360,-2.349710):(0.0,0.0)
r_foot:12:(-1.5,-1.0,-4.0):(-1.864780,-0.278442,-4.588465):(0.0,0.0)
r_foot:0:(-2.5,-2.0,-2.0):(-3.485603,-1.847911,-2.073890):(1.0,0.0)
r_leg2:14:(-1.5,-35.0,0.5):(-2.491973,-35.062275,0.389909):(0.0,0.0)
r_foot:4:(-2.5,-2.0,1.0):(-3.456945,-1.980691,1.289632):(0.0,0.0)
r_leg2:18:(-0.5,-35.0,3.0):(-1.058245,-35.113132,3.821930):(0.0,0.0)
r_foot:8:(-1.5,-2.0,2.5):(-1.971408,-1.941336,3.379964):(0.0,0.0)
Material:
(16,16,16,255)::
(255,225,200,255)::
FaceArray:
0,1,2:0
2,3,0:0
0,3,4:0
4,3,5:0
5,6,4:0
5,7,6:0
8,2,9:0
9,2,1:0
10,6,7:0
11,9,12:0
11,8,9:0
10,11,6:0
11,12,6:0
13,14,15:0
14,16,15:0
14,17,16:0
17,18,16:0
17,19,18:0
17,20,19:0
20,21,19:0
20,22,21:0
22,23,21:0
22,24,23:0
24,13,23:0
13,15,23:0
25,26,27:0
28,26,25:0
29,28,25:0
26,30,27:0
30,31,27:0
30,32,31:0
32,33,31:0
32,34,33:0
32,35,34:0
35,36,34:0
35,37,36:0
37,38,36:0
37,28,38:0
28,29,38:0
39,40,41:0
41,42,39:0
43,42,41:0
44,42,43:0
43,45,44:0
45,46,44:0
47,39,48:0
40,39,47:0
46,45,49:0
50,47,51:0
47,48,51:0
45,51,49:0
45,50,51:0
52,53,54:0
52,55,53:0
55,56,53:0
55,57,56:0
57,58,56:0
58,59,56:0
58,60,59:0
60,61,59:0
60,62,61:0
62,63,61:0
62,54,63:0
62,52,54:0
64,65,66:0
66,65,67:0
66,67,68:0
64,69,65:0
64,70,69:0
70,71,69:0
70,72,71:0
72,73,71:0
73,74,71:0
73,75,74:0
75,76,74:0
75,77,76:0
77,67,76:0
77,68,67:0
</>

<gumtape_vp>
body:arcueid.gumtape
l_breast:arcueid.trainer_lb
r_breast:arcueid.trainer_rb
l_arm1:arcueid.l_trainer1
l_arm2:arcueid.l_trainer2
l_hand:arcueid.l_trainer3
r_arm1:arcueid.r_trainer1
r_arm2:arcueid.r_trainer2
r_hand:arcueid.r_trainer3
waist:arcueid.gumtape2
body_f:waist:(0.0,0.0,0.0):arcueid.gumtape_f
DynamicVisual:
waist:2:(5.0,-2.0,6.5):(5.419864,-1.807450,7.332394):(0.5,1.0)
body:55:(4.5,4.0,5.5):(5.062230,3.793979,6.255311):(0.0,0.0)
body:28:(-4.5,4.0,5.5):(-5.062230,3.793979,6.255311):(0.0,0.0)
waist:1:(-5.0,-2.0,6.5):(-5.419864,-1.807450,7.332394):(0.5,0.0)
r_arm1:0:(-3.0,1.5,0.0):(-3.894425,1.947213,0.000000):(1.0,0.0)
body:17:(-8.5,22.5,4.0):(-9.064528,23.226810,4.394575):(0.0,0.0)
body:16:(-8.5,22.5,0.0):(-9.043788,23.294518,-0.150108):(0.0,0.0)
r_arm1:2:(-2.0,0.5,-2.5):(-2.582899,0.830458,-3.242312):(0.5,1.0)
body:14:(-9.0,18.5,-2.5):(-9.752078,18.762402,-3.015923):(0.0,0.0)
r_arm1:3:(1.0,-3.0,-3.0):(1.424064,-2.850843,-3.893265):(1.0,1.0)
body:10:(-8.5,14.0,-1.0):(-9.466403,13.910723,-0.943234):(0.0,0.0)
r_arm1:4:(2.2,-5.0,0.0):(3.195297,-4.903131,0.000000):(0.0,0.0)
body:13:(-8.5,14.0,3.0):(-9.280627,13.773358,3.590456):(0.0,0.0)
r_arm1:6:(1.0,-3.0,3.0):(1.424064,-2.850843,3.893265):(0.0,0.0)
body:15:(-9.0,17.5,4.5):(-9.672293,17.378546,5.251778):(0.0,0.0)
r_arm1:5:(-2.0,0.5,2.5):(-2.582897,0.830458,3.242312):(0.0,0.0)
r_arm2:3:(3.2,-2.5,-0.0):(4.199216,-2.473040,0.028958):(1.0,1.0)
r_arm1:9:(1.5,-15.0,-3.0):(2.050694,-15.008898,-3.834660):(0.0,0.0)
r_arm1:10:(3.0,-15.0,0.2):(3.998370,-14.942951,0.199890):(0.0,0.0)
r_arm2:2:(1.5,-3.0,-3.0):(2.014307,-2.914665,-3.853351):(0.5,1.0)
r_arm2:1:(-1.5,-3.0,-3.0):(-2.036851,-2.941003,-3.841612):(0.5,0.0)
r_arm1:8:(-2.5,-15.0,-3.0):(-3.080675,-15.058012,-3.812066):(0.0,0.0)
r_arm2:0:(-3.0,-1.0,-0.0):(-3.999643,-1.000000,0.026733):(1.0,0.0)
r_arm1:7:(-3.7,-15.0,0.2):(-4.699821,-15.018921,0.200087):(0.0,0.0)
r_arm2:4:(-1.5,-0.0,2.8):(-2.013702,-0.000000,3.657969):(0.0,0.0)
r_arm1:11:(-2.5,-15.0,3.5):(-3.081235,-15.002283,4.313733):(0.0,0.0)
r_arm2:5:(1.5,-0.0,2.8):(1.990419,-0.000000,3.671487):(0.0,0.0)
r_arm1:12:(1.5,-15.0,3.5):(2.049713,-14.965643,4.334647):(0.0,0.0)
r_arm2:17:(1.5,-17.0,2.7):(2.070427,-17.038351,3.520452):(0.0,0.0)
r_hand:12:(1.9,-0.3,2.1):(2.437352,-0.877352,2.677350):(0.0,0.0)
r_arm2:12:(2.5,-17.0,-0.0):(3.499321,-17.036842,-0.000257):(0.0,0.0)
r_hand:13:(1.9,-0.3,-2.1):(2.437350,-0.877352,-2.677351):(0.0,0.0)
r_arm2:13:(1.5,-17.0,-2.7):(2.071148,-17.034172,-3.520136):(0.0,0.0)
r_hand:15:(-1.7,-0.3,-2.1):(-2.237352,-0.877352,-2.677350):(0.0,0.0)
r_arm2:14:(-1.5,-17.0,-2.7):(-2.070604,-17.049126,-3.519756):(0.0,0.0)
r_arm2:15:(-2.5,-17.0,-0.0):(-3.499751,-17.022364,0.000140):(0.0,0.0)
r_hand:14:(-1.7,-0.3,2.1):(-2.237351,-0.877352,2.677351):(0.0,0.0)
r_arm2:16:(-1.5,-17.0,2.7):(-2.071259,-17.006840,3.520741):(0.0,0.0)
body:27:(-8.2,4.0,-0.0):(-9.178095,3.878491,-0.135215):(0.0,0.0)
waist:0:(-10.5,-4.0,-0.0):(-11.324364,-3.997509,0.503633):(1.0,0.0)
body_f:1:(-5.0,-3.0,-7.5):(-4.987094,-3.025000,-8.542466):(0.5,0.0)
waist:3:(-10.0,-6.0,-0.0):(-10.835578,-6.237122,0.442382):(1.0,1.0)
body_f:2:(-5.5,-6.0,-7.5):(-5.487095,-6.025000,-8.542467):(0.5,1.0)
waist:10:(-10.5,-6.0,0.0):(-11.111788,-5.317894,0.331295):(0.0,0.0)
waist:16:(-9.5,-6.0,0.0):(-8.735954,-5.501237,-0.401831):(0.0,0.0)
body_f:10:(-5.5,-6.0,-7.0):(-5.487095,-5.577787,-6.148037):(0.0,0.0)
body_f:5:(-6.0,-6.0,-8.0):(-5.987094,-5.317894,-8.749571):(0.0,0.0)
waist:5:(-10.5,-8.0,0.0):(-11.111788,-8.732106,0.331295):(0.0,0.0)
body_f:3:(-6.0,-8.0,-8.0):(-5.987094,-8.732106,-8.749571):(1.0,1.0)
waist:6:(-9.5,-8.0,0.0):(-8.863598,-8.732106,-0.333548):(0.0,0.0)
body_f:4:(-5.5,-8.0,-7.0):(-5.487095,-8.732107,-6.335361):(0.0,0.0)
body_f:13:(-5.0,-3.0,-7.0):(-4.987095,-3.025000,-6.042464):(0.0,0.0)
waist:39:(-10.0,-4.0,0.0):(-9.137799,-4.051245,-0.527271):(0.0,0.0)
body:75:(-7.0,4.0,-0.0):(-6.987093,2.975000,-0.042467):(0.0,0.0)
waist:34:(-5.0,-2.0,6.0):(-4.547324,-2.243823,5.171426):(0.0,0.0)
body:74:(-3.5,4.0,5.0):(-3.487094,2.975000,4.957533):(0.0,0.0)
body:77:(3.5,4.0,5.0):(3.487094,2.975000,4.957533):(0.0,0.0)
waist:35:(5.0,-2.0,6.0):(4.547324,-2.243823,5.171426):(0.0,0.0)
body:71:(-7.5,4.0,0.0):(-8.445785,3.779527,0.041573):(0.0,0.0)
waist:26:(-7.2,-0.0,0.0):(-8.170328,0.000001,0.063997):(1.0,1.0)
body:68:(-4.5,4.0,4.5):(-4.932235,3.869685,5.427259):(0.0,0.0)
waist:24:(-4.7,-0.0,4.5):(-5.177555,0.000000,5.411775):(0.5,0.0)
body:86:(-6.9,17.4,-4.8):(-7.313081,17.800100,-5.564629):(0.0,0.0)
body:26:(-4.6,18.0,-5.3):(-4.634314,18.411697,-6.179195):(0.0,0.0)
r_breast:19:(-2.3,2.8,-1.1):(-2.712632,3.340148,-1.770143):(0.0,0.0)
r_breast:21:(-0.3,3.3,-1.4):(-0.471190,3.942954,-2.172250):(0.0,0.0)
body:87:(-8.5,15.7,-4.5):(-9.490954,15.852082,-4.710345):(0.0,0.0)
r_breast:17:(-3.7,1.3,-0.8):(-4.483250,1.665040,-1.309649):(0.0,0.0)
r_breast:6:(-4.4,-0.5,1.3):(-5.423798,-0.500932,1.156470):(0.0,0.0)
body:84:(-8.6,12.5,-2.8):(-9.564223,12.392284,-2.721442):(0.0,0.0)
r_breast:7:(-3.8,-2.7,1.2):(-4.800294,-2.998882,1.067775):(0.0,0.0)
body:88:(-7.7,8.1,-3.5):(-8.661491,7.917285,-3.702703):(0.0,0.0)
r_breast:8:(-3.7,-2.5,-0.8):(-4.506195,-2.890049,-1.248185):(0.0,0.0)
body:85:(-5.0,5.0,-7.0):(-5.675623,4.872595,-7.760410):(0.0,0.0)
r_breast:10:(-1.7,-2.8,-2.8):(-2.193745,-3.263557,-3.631373):(0.0,0.0)
r_breast:11:(-0.6,-3.1,-3.0):(-0.784736,-3.537189,-3.950459):(0.0,0.0)
r_breast:16:(0.5,-2.8,-3.2):(0.543468,-3.166560,-4.183997):(0.0,0.0)
body:81:(-2.5,5.0,-7.0):(-2.487094,4.975001,-8.042464):(0.0,0.0)
r_breast:14:(3.0,-2.5,-3.0):(3.131738,-2.724257,-3.979902):(0.0,0.0)
body:0:(-2.1,17.2,-5.5):(-2.100696,17.628515,-6.374338):(1.0,0.0)
r_breast:25:(1.6,2.8,-1.8):(1.682363,3.336847,-2.579664):(0.0,0.0)
body:69:(-4.5,4.0,-5.0):(-4.900557,3.742411,-5.815335):(0.0,0.0)
waist:25:(-4.5,-0.0,-5.2):(-4.730743,0.878588,-5.550495):(0.5,1.0)
body:65:(4.5,4.0,-5.0):(4.900557,3.742411,-5.815335):(0.0,0.0)
waist:23:(4.5,0.0,-5.2):(4.807766,0.760197,-5.705348):(1.0,0.0)
body:82:(-5.0,4.0,-7.0):(-5.339428,3.975000,-7.978341):(0.0,0.0)
body:76:(-3.5,4.0,-6.5):(-3.487095,2.975000,-6.542466):(0.0,0.0)
body:78:(3.5,4.0,-6.5):(3.487095,2.975000,-6.542466):(0.0,0.0)
body_f:12:(5.0,-3.0,-7.0):(4.987095,-3.025000,-6.042464):(0.0,0.0)
body_f:0:(5.0,-3.0,-7.5):(4.987094,-3.025000,-8.542466):(1.0,0.0)
body:80:(5.0,4.0,-7.0):(5.339428,3.975000,-7.978341):(0.0,0.0)
body:95:(8.5,22.5,0.0):(9.043788,23.294518,-0.150108):(0.0,0.0)
body:96:(8.5,22.5,4.0):(9.064528,23.226810,4.394575):(0.0,0.0)
l_arm1:0:(3.0,1.5,0.0):(3.894425,1.947214,0.000000):(1.0,0.0)
l_arm1:2:(2.0,0.5,-2.5):(2.582898,0.830458,-3.242312):(0.5,1.0)
body:93:(9.0,18.5,-2.5):(9.752078,18.762402,-3.015923):(0.0,0.0)
l_arm1:3:(-1.0,-3.0,-3.0):(-1.424064,-2.850843,-3.893265):(1.0,1.0)
body:89:(8.5,14.0,-1.0):(9.466403,13.910723,-0.943234):(0.0,0.0)
l_arm1:4:(-2.2,-5.0,0.0):(-3.195297,-4.903131,0.000000):(0.0,0.0)
body:92:(8.5,14.0,3.0):(9.280627,13.773358,3.590456):(0.0,0.0)
l_arm1:6:(-1.0,-3.0,3.0):(-1.424064,-2.850843,3.893265):(0.0,0.0)
body:94:(9.0,17.5,4.5):(9.672293,17.378546,5.251778):(0.0,0.0)
l_arm1:5:(2.0,0.5,2.5):(2.582898,0.830458,3.242312):(0.0,0.0)
l_arm1:10:(-3.0,-15.0,0.2):(-3.998380,-14.943437,0.194026):(0.0,0.0)
l_arm1:9:(-1.5,-15.0,-3.0):(-2.036669,-15.009758,-3.843737):(0.0,0.0)
l_arm2:3:(-3.2,-2.5,-0.0):(-4.199510,-2.471023,0.011796):(1.0,1.0)
l_arm2:2:(-1.5,-3.0,-3.0):(-1.999418,-2.913793,-3.862062):(0.5,1.0)
l_arm1:8:(2.5,-15.0,-3.0):(3.069017,-15.058378,-3.820252):(0.0,0.0)
l_arm2:1:(1.5,-3.0,-3.0):(2.026134,-2.941468,-3.848385):(0.5,0.0)
l_arm2:0:(3.0,-1.0,-0.0):(3.999901,-1.000000,0.014080):(1.0,0.0)
l_arm1:7:(3.7,-15.0,0.2):(4.699796,-15.019634,0.195105):(0.0,0.0)
l_arm2:4:(1.5,-0.0,2.8):(2.013701,-0.000000,3.657969):(0.0,0.0)
l_arm1:11:(2.5,-15.0,3.5):(3.073694,-15.001956,4.319067):(0.0,0.0)
l_arm2:5:(-1.5,-0.0,2.8):(-1.990419,-0.000000,3.671487):(0.0,0.0)
l_arm1:12:(-1.5,-15.0,3.5):(-2.040639,-14.966210,4.340576):(0.0,0.0)
l_arm2:12:(-2.5,-17.0,-0.0):(-3.498802,-17.039883,0.028335):(0.0,0.0)
l_hand:12:(-1.9,-0.3,2.1):(-2.437352,-0.877352,2.677350):(0.0,0.0)
l_arm2:17:(-1.5,-17.0,2.7):(-1.989851,-17.033356,3.571169):(0.0,0.0)
l_hand:13:(-1.9,-0.3,-2.1):(-2.437351,-0.877352,-2.677351):(0.0,0.0)
l_arm2:13:(-1.5,-17.0,-2.7):(-2.015038,-17.035685,-3.556426):(0.0,0.0)
l_hand:15:(1.7,-0.3,-2.1):(2.237352,-0.877352,-2.677350):(0.0,0.0)
l_arm2:14:(1.5,-17.0,-2.7):(2.035903,-17.046986,-3.542972):(0.0,0.0)
l_arm2:15:(2.5,-17.0,-0.0):(3.499368,-17.023294,0.026902):(0.0,0.0)
l_hand:14:(1.7,-0.3,2.1):(2.237350,-0.877352,2.677351):(0.0,0.0)
l_arm2:16:(1.5,-17.0,2.7):(2.013695,-17.007149,3.557943):(0.0,0.0)
body:104:(8.2,4.0,-0.0):(9.178095,3.878491,-0.135215):(0.0,0.0)
waist:41:(10.5,-4.0,-0.0):(11.324364,-3.997509,0.503633):(0.0,0.0)
waist:42:(10.0,-6.0,-0.0):(10.835578,-6.237122,0.442382):(0.0,0.0)
body_f:6:(5.5,-6.0,-7.5):(5.487095,-6.025000,-8.542467):(0.0,0.0)
body_f:11:(5.5,-6.0,-7.0):(5.487095,-5.577787,-6.148037):(0.0,0.0)
waist:46:(9.5,-6.0,0.0):(8.735954,-5.501237,-0.401832):(0.0,0.0)
waist:45:(10.5,-6.0,0.0):(11.111788,-5.317894,0.331295):(0.0,0.0)
body_f:9:(6.0,-6.0,-8.0):(5.987094,-5.317894,-8.749571):(0.5,0.0)
waist:43:(10.5,-8.0,0.0):(11.111788,-8.732106,0.331295):(0.0,0.0)
body_f:7:(6.0,-8.0,-8.0):(5.987094,-8.732106,-8.749571):(0.0,0.0)
waist:44:(9.5,-8.0,0.0):(8.863598,-8.732106,-0.333549):(0.0,0.0)
body_f:8:(5.5,-8.0,-7.0):(5.487095,-8.732107,-6.335361):(1.0,0.0)
waist:57:(10.0,-4.0,0.0):(9.137799,-4.051245,-0.527271):(0.0,0.0)
body:121:(7.0,4.0,-0.0):(6.987093,2.975000,-0.042467):(0.0,0.0)
waist:22:(4.7,0.0,4.5):(5.109084,0.501805,5.295406):(0.0,0.0)
body:119:(7.5,4.0,0.0):(8.445785,3.779527,0.041573):(0.0,0.0)
body:64:(4.5,4.0,4.5):(4.932235,3.869685,5.427259):(0.0,0.0)
waist:48:(7.2,0.0,0.0):(7.816632,0.754222,-0.066587):(0.0,0.0)
l_breast:19:(2.3,2.8,-1.1):(2.712632,3.340148,-1.770143):(0.0,0.0)
body:103:(4.6,18.0,-5.3):(4.634314,18.411697,-6.179195):(0.0,0.0)
body:125:(6.9,17.4,-4.8):(7.313081,17.800100,-5.564629):(0.0,0.0)
l_breast:21:(0.3,3.3,-1.4):(0.471189,3.942954,-2.172249):(0.0,0.0)
body:126:(8.5,15.7,-4.5):(9.490954,15.852082,-4.710345):(0.0,0.0)
l_breast:17:(3.7,1.3,-0.8):(4.483250,1.665040,-1.309649):(0.0,0.0)
l_breast:6:(4.4,-0.5,1.3):(5.423798,-0.500932,1.156470):(0.0,0.0)
body:123:(8.6,12.5,-2.8):(9.564223,12.392284,-2.721442):(0.0,0.0)
l_breast:7:(3.8,-2.7,1.2):(4.800294,-2.998882,1.067775):(0.0,0.0)
body:127:(7.7,8.1,-3.5):(8.661491,7.917285,-3.702703):(0.0,0.0)
l_breast:8:(3.7,-2.5,-0.8):(4.506195,-2.890050,-1.248185):(0.0,0.0)
body:124:(5.0,5.0,-7.0):(5.675623,4.872595,-7.760410):(0.0,0.0)
l_breast:10:(1.7,-2.8,-2.8):(2.193744,-3.263557,-3.631373):(0.0,0.0)
l_breast:11:(0.6,-3.1,-3.0):(0.784735,-3.537189,-3.950459):(0.0,0.0)
l_breast:16:(-0.5,-2.8,-3.2):(-0.543468,-3.166560,-4.183997):(0.0,0.0)
body:79:(2.5,5.0,-7.0):(2.487094,4.975001,-8.042464):(0.0,0.0)
l_breast:14:(-3.0,-2.5,-3.0):(-3.131738,-2.724257,-3.979902):(0.0,0.0)
body:9:(2.1,17.2,-5.5):(2.100696,17.628515,-6.374338):(0.0,0.0)
l_breast:25:(-1.6,2.8,-1.8):(-1.682363,3.336847,-2.579664):(0.0,0.0)
r_breast:23:(3.0,1.0,-3.0):(3.020792,1.400507,-3.941777):(0.0,0.0)
l_breast:23:(-3.0,1.0,-3.0):(-3.020792,1.400506,-3.941777):(0.0,0.0)
r_breast:13:(3.5,-0.8,-3.2):(3.631962,-0.775002,-4.187948):(0.0,0.0)
l_breast:13:(-3.5,-0.8,-3.2):(-3.631961,-0.775002,-4.187949):(0.0,0.0)
Material:
(245,245,255,255)::
(255,225,200,255)::
FaceArray:
1,2,0:0
2,3,0:0
4,5,6:0
4,6,7:0
6,8,7:0
7,8,9:0
10,9,8:0
10,11,9:0
10,12,11:0
12,13,11:0
12,14,13:0
14,15,13:0
16,17,18:0
16,19,17:0
20,21,17:0
19,20,17:0
20,22,21:0
22,23,21:0
23,22,24:0
24,25,23:0
26,25,24:0
27,25,26:0
18,27,26:0
26,16,18:0
28,29,30:0
29,31,30:0
31,32,30:0
31,33,32:0
32,33,34:0
33,35,34:0
33,36,35:0
36,37,35:0
36,29,37:0
29,28,37:0
39,3,38:0
3,2,38:0
14,5,15:0
5,4,15:0
39,40,41:0
40,42,41:0
43,44,45:0
45,46,43:0
46,47,43:0
46,48,47:0
47,48,49:0
48,50,49:0
45,44,49:0
45,49,50:0
51,44,45:0
51,52,44:0
53,54,52:0
53,55,54:0
55,56,54:0
56,57,54:0
60,58,61:1
58,59,61:1
62,63,64:0
63,65,64:0
64,66,62:0
67,66,64:0
68,66,67:0
68,69,66:0
69,68,70:0
69,70,71:0
71,70,72:0
71,72,73:0
73,72,74:0
73,74,75:0
73,75,76:0
73,76,77:0
77,76,78:0
65,63,79:0
79,80,65:0
58,81,59:1
59,81,82:1
82,81,83:1
82,83,84:1
39,38,40:0
40,38,85:0
51,53,52:0
51,86,53:0
87,86,88:0
88,86,51:0
85,89,40:0
85,90,89:0
91,92,93:0
94,91,93:0
94,95,91:0
96,95,94:0
95,96,97:0
96,98,97:0
98,99,97:0
98,100,99:0
100,101,99:0
100,102,101:0
103,104,105:0
104,106,105:0
104,107,108:0
104,108,106:0
107,109,108:0
107,110,109:0
111,109,110:0
110,112,111:0
111,112,113:0
113,112,114:0
113,114,103:0
103,105,113:0
115,116,117:0
115,118,116:0
115,119,118:0
119,120,118:0
121,120,119:0
121,122,120:0
122,123,120:0
122,124,123:0
124,116,123:0
124,117,116:0
125,0,126:0
125,1,0:0
102,92,101:0
102,93,92:0
127,89,126:0
127,128,89:0
129,130,131:0
131,132,129:0
131,133,132:0
133,134,132:0
135,134,133:0
135,136,134:0
135,130,129:0
136,135,129:0
129,130,88:0
130,137,88:0
137,57,138:0
57,56,138:0
139,140,141:1
139,142,140:1
143,144,145:0
143,146,144:0
145,147,143:0
143,147,148:0
148,147,149:0
147,150,149:0
151,149,150:0
152,151,150:0
153,151,152:0
154,153,152:0
155,153,154:0
156,155,154:0
157,156,154:0
158,157,154:0
159,157,158:0
160,144,146:0
146,161,160:0
142,83,140:1
84,83,142:1
89,125,126:0
90,125,89:0
137,138,88:0
138,87,88:0
79,160,80:0
80,160,161:0
80,161,162:0
162,161,163:0
162,163,164:0
164,163,165:0
164,165,78:0
78,165,159:0
78,159,77:0
77,159,158:0
</>
