<frame>
class:human.female
body::(0.0,0.0,0.0):(0.0,0.0,0.0):HPb:(1.13,1.12,1.13)
head:body:(0.0,31.0,1.0):(0.0,0.0,0.0):HPb:
l_breast:body:(4.5,13.0,-5.5):(0.0,0.0,0.0):---:(1.13,1.12,1.12)
r_breast:body:(-4.5,13.0,-5.5):(0.0,0.0,0.0):---:(1.13,1.12,1.12)
l_arm1:body:(9.0,19.0,1.5):(0.0,0.0,0.0):bPh:(1.1,1.12,1.1)
l_arm2:l_arm1:(0.5,-19.0,0.2):(0.0,0.0,0.0):HPB:(1.1,1.12,1.1)
l_hand:l_arm2:(0.0,-18.0,0.2):(0.0,0.0,0.0):Hbp:(1.1,1.1,1.1)
r_arm1:body:(-9.0,19.0,1.5):(0.0,0.0,0.0):bPh:(1.1,1.12,1.1)
r_arm2:r_arm1:(-0.5,-19.0,0.2):(0.0,0.0,0.0):HPB:(1.1,1.12,1.1)
r_hand:r_arm2:(0.0,-18.0,0.2):(0.0,0.0,0.0):Hbp:(1.1,1.1,1.1)
waist:body:(0.0,0.0,0.0):(0.0,0.0,0.0):HPB:(1.1,1.11,1.1)
l_leg1:waist:(3.5,-14.5,0.0):(0.0,0.0,0.0):bPh:(1.12,1.12,1.12)
l_leg2:l_leg1:(1.5,-35.5,1.5):(0.0,0.0,0.0):bPh:(1.11,1.12,1.11)
l_foot:l_leg2:(-0.5,-38.0,0.5):(0.0,0.0,0.0):HPB:(1.1,1.1,1.1)
r_leg1:waist:(-3.5,-14.5,0.0):(0.0,0.0,0.0):bPh:(1.12,1.12,1.12)
r_leg2:r_leg1:(-1.5,-35.5,1.5):(0.0,0.0,0.0):bPh:(1.11,1.12,1.11)
r_foot:r_leg2:(0.5,-38.0,0.5):(0.0,0.0,0.0):HPB:(1.1,1.1,1.1)
</>

<skin>
1,0,0,0,0,0,0:ayaka.head
0,1,0,0,0,0,0:female.body
0,0,1,0,0,0,0:female.arms
0,0,0,2,0,0,0:female.l_hand
0,0,0,1,0,0,0:female.r_hand
0,0,0,0,1,0,0:female.waist
0,0,0,0,0,1,0:female.legs
0,0,0,0,0,0,1:female.foots
</>

<defaultcos>
ayaka.blazer
ayaka.skirtC
ayaka.shoesA
</>

<blazer>
class:human.female
0,3,3,0,0,0,0:ayaka.blazer_vp
</>

<skirtC>
class:human.
0,0,0,0,2,0,0:ayaka.skirtC_vp
</>

<shoesA>
class:human.
0,0,0,0,0,1,3:ayaka.shoesA_vp
</>

<head>
head:ayaka.head
body:ayaka.hair_r
DynamicVisual:
head:109:(-9.7,-0.0,-0.5):(-9.321325,0.072778,0.422660):(0.0,0.0)
head:107:(-10.2,-0.0,-1.0):(-11.191253,-0.033157,-0.872297):(0.0,0.0)
body:23:(-8.0,23.5,-0.5):(-7.090697,23.264856,-0.156672):(0.0,0.4)
body:22:(-8.5,23.5,-1.0):(-9.413486,23.098978,-1.068805):(0.2,1.0)
head:106:(-9.7,-0.0,-1.7):(-8.705090,0.069123,-1.773407):(0.1,0.6)
body:21:(-8.0,23.5,-1.7):(-7.784679,24.107586,-2.464508):(0.0,1.0)
head:104:(-9.3,-0.0,-3.0):(-9.112640,-0.084295,-2.021333):(0.0,0.0)
head:102:(-10.3,-0.0,-4.0):(-11.278900,0.018728,-4.203461):(0.0,0.0)
body:20:(-7.5,23.0,-3.0):(-7.232491,22.776411,-2.062746):(0.0,0.0)
body:19:(-9.0,23.5,-4.0):(-9.871871,23.031740,-4.143464):(0.0,0.0)
head:101:(-8.2,-0.0,-5.5):(-7.201635,0.038726,-5.457708):(0.2,0.9)
body:18:(-7.5,23.5,-5.5):(-7.032244,23.819338,-6.324154):(0.0,0.0)
head:113:(0.0,2.0,12.5):(0.018387,1.712279,13.457535):(0.0,0.0)
head:112:(-4.5,2.0,11.5):(-5.045747,1.688360,12.277843):(0.0,0.0)
body:0:(0.0,25.0,11.5):(0.000000,25.242535,12.470144):(1.0,0.0)
body:12:(-6.0,25.0,10.5):(-6.317501,25.260757,11.411703):(1.0,0.4)
head:114:(-8.0,0.0,7.0):(-8.849668,-0.286229,7.442884):(0.0,0.0)
body:11:(-9.0,25.0,8.0):(-9.818747,25.255463,8.514203):(0.8,0.4)
body:10:(-9.5,24.0,5.0):(-9.767540,23.864008,4.046094):(0.5,0.4)
head:115:(-9.0,0.0,2.0):(-9.125379,-0.299509,1.054179):(0.0,0.0)
body:3:(-5.5,25.0,7.0):(-5.267888,24.975691,6.027615):(1.0,1.0)
head:122:(-5.5,1.0,7.0):(-4.808618,1.000000,6.277509):(0.0,0.0)
head:121:(0.0,3.0,10.5):(0.000000,3.000000,9.499997):(0.0,0.0)
body:4:(5.5,25.0,7.0):(5.267888,24.975691,6.027615):(0.0,0.0)
body:54:(8.0,23.5,-0.5):(7.072323,23.277294,-0.200308):(0.0,0.0)
head:206:(10.2,-0.0,-1.0):(11.190871,-0.042342,-0.872049):(0.0,0.0)
head:208:(9.7,-0.0,-0.5):(9.321325,0.072778,0.422660):(0.0,0.0)
body:53:(8.5,23.5,-1.0):(9.433880,23.243687,-1.249358):(0.0,0.0)
head:205:(9.7,-0.0,-1.7):(8.703764,0.047133,-1.772840):(0.0,0.0)
body:52:(8.0,23.5,-1.7):(7.681692,24.109537,-2.426044):(0.0,0.0)
body:51:(7.5,23.0,-3.0):(7.232491,22.776411,-2.062746):(0.0,0.0)
head:201:(10.3,-0.0,-4.0):(11.278900,0.018728,-4.203461):(0.0,0.0)
head:203:(9.3,-0.0,-3.0):(9.112640,-0.084295,-2.021333):(0.0,0.0)
body:50:(9.0,23.5,-4.0):(9.871871,23.031740,-4.143464):(0.0,0.0)
body:49:(7.5,23.5,-5.5):(7.032244,23.819338,-6.324154):(0.0,0.0)
head:200:(8.2,-0.0,-5.5):(7.201635,0.038726,-5.457708):(0.0,0.0)
head:211:(4.5,2.0,11.5):(5.055456,1.687634,12.270646):(0.0,0.0)
body:43:(6.0,25.0,10.5):(6.317501,25.260757,11.411703):(0.0,0.0)
head:212:(8.0,0.0,7.0):(8.849668,-0.286230,7.442884):(0.0,0.0)
body:42:(9.0,25.0,8.0):(9.818747,25.255463,8.514203):(0.0,0.0)
body:41:(9.5,24.0,5.0):(9.767540,23.864008,4.046094):(0.0,0.0)
head:213:(9.0,0.0,2.0):(9.125379,-0.299509,1.054179):(0.0,0.0)
head:215:(5.5,1.0,7.0):(4.808618,1.000000,6.277509):(0.0,0.0)
Material:
(50,60,128,255)::
FaceArray:
0,1,2:0
1,3,2:0
1,4,3:0
4,5,3:0
4,0,5:0
0,2,5:0
6,7,8:0
7,9,8:0
7,10,11:0
11,9,7:0
10,6,11:0
6,8,11:0
12,13,14:0
13,15,14:0
13,16,15:0
16,17,15:0
16,18,17:0
16,19,18:0
19,20,18:0
19,21,20:0
21,22,20:0
20,22,23:0
24,25,26:0
24,27,25:0
27,28,25:0
27,29,28:0
29,26,28:0
29,24,26:0
30,31,32:0
30,33,31:0
34,35,31:0
31,33,34:0
34,32,35:0
34,30,32:0
14,36,12:0
14,37,36:0
37,38,36:0
37,39,38:0
39,40,38:0
40,41,38:0
40,23,41:0
23,42,41:0
23,22,42:0
</>

<blazer_vp>
body:ayaka.blazer
l_breast:ayaka.blazer_lb
r_breast:ayaka.blazer_rb
l_arm1:ayaka.l_blazer1
l_arm2:ayaka.l_blazer2
r_arm1:ayaka.r_blazer1
r_arm2:ayaka.r_blazer2
DynamicVisual:
body:27:(-4.5,4.0,-5.0):(-4.963130,4.000000,-5.820295):(0.5,0.0)
body:17:(4.5,4.0,-5.0):(4.963130,4.000000,-5.820295):(0.0,0.0)
waist:4:(-4.5,-3.0,-5.0):(-5.039868,-2.747690,-5.732451):(0.0,0.0)
waist:1:(4.5,-3.0,-5.0):(5.039868,-2.747690,-5.732451):(0.5,0.0)
body:13:(4.5,4.0,4.5):(4.942286,4.000000,5.431579):(0.0,0.0)
waist:0:(4.5,-3.0,4.5):(4.695519,-2.694681,5.475169):(1.0,0.0)
body:23:(-4.5,4.0,4.5):(-4.942286,4.000000,5.431579):(0.0,0.0)
waist:3:(-4.5,-3.0,4.5):(-4.695519,-2.694681,5.475169):(1.0,1.0)
body:102:(-8.5,22.5,4.0):(-9.376974,22.883875,4.225441):(0.0,0.0)
body:101:(-8.5,22.5,0.0):(-9.392240,22.856241,-0.102916):(0.0,0.0)
r_arm1:0:(-2.5,1.5,0.0):(-3.394427,1.947214,0.000000):(1.0,0.0)
r_arm1:7:(-2.0,0.0,-2.5):(-2.703635,0.294372,-3.146717):(0.0,0.0)
body:99:(-9.0,18.5,-2.0):(-9.934078,18.625862,-2.185737):(0.0,0.0)
r_arm1:2:(1.0,-3.0,-3.5):(1.393135,-2.896634,-4.413651):(0.5,1.0)
body:90:(-8.5,14.5,-1.0):(-9.453474,14.437007,-0.777941):(0.0,0.0)
r_arm1:9:(2.0,-4.0,0.0):(2.999908,-4.013549,0.000000):(0.0,0.0)
body:98:(-8.5,14.5,3.0):(-9.430702,14.314220,3.258097):(0.0,0.0)
r_arm1:12:(1.0,-3.0,3.5):(1.393135,-2.896634,4.413651):(0.0,0.0)
body:100:(-9.0,17.5,5.0):(-9.928020,17.409714,5.323505):(0.0,0.0)
r_arm1:15:(-2.0,0.0,2.5):(-2.703635,0.294372,3.146717):(0.0,0.0)
r_arm2:0:(-1.5,-2.0,-2.8):(-2.159332,-2.039001,-3.550840):(1.0,0.0)
r_arm1:3:(-1.8,-16.0,-3.0):(-2.464286,-16.042356,-3.746277):(1.0,1.0)
r_arm1:4:(0.8,-16.0,-3.0):(1.552279,-16.025511,-3.658350):(0.0,0.0)
r_arm2:1:(1.5,-2.0,-2.8):(2.159332,-2.039001,-3.550840):(0.5,0.0)
r_arm2:14:(3.0,-0.5,-0.0):(3.989214,-0.470842,0.143540):(0.0,0.0)
r_arm1:10:(2.0,-16.0,0.0):(3.000000,-16.000000,0.000000):(0.0,0.0)
r_arm2:10:(1.5,0.5,2.5):(2.003157,0.545742,3.362983):(0.0,0.0)
r_arm1:14:(0.8,-16.0,3.0):(1.552279,-16.025511,3.658350):(0.0,0.0)
r_arm2:6:(-1.5,0.5,2.5):(-2.003157,0.545742,3.362983):(0.0,0.0)
r_arm1:13:(-1.8,-16.0,3.0):(-2.464286,-16.042356,3.746277):(0.0,0.0)
r_arm1:6:(-3.4,-16.0,0.0):(-4.398937,-16.046104,0.000000):(0.0,0.0)
r_arm2:5:(-3.0,-0.5,-0.0):(-3.989214,-0.470842,0.143540):(0.0,0.0)
body:91:(-7.5,4.0,0.0):(-8.470144,4.000000,0.073694):(0.0,0.0)
waist:37:(-7.0,-3.0,0.0):(-7.898966,-2.671797,0.223396):(0.0,0.0)
r_breast:25:(1.6,2.8,-1.8):(1.682363,3.336847,-2.579664):(0.0,0.0)
body:21:(-0.5,15.1,-6.8):(-0.493654,15.443165,-7.689086):(0.0,0.0)
r_breast:23:(3.0,1.0,-3.0):(3.020792,1.400507,-3.941777):(0.0,0.0)
body:105:(-1.8,17.0,-6.0):(-1.859712,17.446516,-6.866130):(0.0,0.0)
body:92:(-5.0,18.0,-5.5):(-5.074496,18.436167,-6.343925):(0.0,0.0)
r_breast:21:(-0.3,3.3,-1.4):(-0.471190,3.942954,-2.172250):(0.0,0.0)
r_breast:19:(-2.3,2.8,-1.1):(-2.712632,3.340148,-1.770143):(0.0,0.0)
body:95:(-8.3,16.5,-4.7):(-9.017562,16.861584,-5.256610):(0.0,0.0)
r_breast:17:(-3.7,1.3,-0.8):(-4.483250,1.665040,-1.309649):(0.0,0.0)
r_breast:6:(-4.4,-0.5,1.3):(-5.423798,-0.500932,1.156470):(0.0,0.0)
body:112:(-9.0,14.0,-3.0):(-9.970141,13.983314,-2.933235):(0.0,0.0)
body:97:(-8.5,10.5,-3.0):(-9.445099,10.356561,-2.778552):(0.0,0.0)
r_breast:7:(-3.8,-2.7,1.2):(-4.800294,-2.998882,1.067775):(0.0,0.0)
body:96:(-7.9,7.5,-3.4):(-8.803990,7.446825,-3.704543):(0.0,0.0)
r_breast:8:(-3.7,-2.5,-0.8):(-4.506195,-2.890049,-1.248185):(0.0,0.0)
body:89:(-5.5,6.0,-6.0):(-5.808860,5.955145,-6.890017):(0.0,0.0)
r_breast:10:(-1.7,-2.8,-2.8):(-2.193745,-3.263557,-3.631373):(0.0,0.0)
r_breast:11:(-0.6,-3.1,-3.0):(-0.784736,-3.537189,-3.950459):(0.0,0.0)
body:20:(-2.0,5.8,-6.2):(-1.999852,5.761649,-7.148926):(0.0,0.0)
r_breast:16:(0.5,-2.8,-3.2):(0.543468,-3.166560,-4.183997):(0.0,0.0)
r_breast:14:(3.0,-2.5,-3.0):(3.131738,-2.724257,-3.979902):(0.0,0.0)
body:19:(0.5,15.1,-6.8):(0.493654,15.443165,-7.689086):(0.0,0.0)
l_breast:23:(-3.0,1.0,-3.0):(-3.020792,1.400506,-3.941777):(0.0,0.0)
r_breast:13:(3.5,-0.8,-3.2):(3.631962,-0.775002,-4.187948):(0.0,0.0)
l_breast:13:(-3.5,-0.8,-3.2):(-3.631961,-0.775002,-4.187949):(0.0,0.0)
l_breast:14:(-3.0,-2.5,-3.0):(-3.131738,-2.724257,-3.979902):(0.0,0.0)
body:18:(2.0,5.8,-6.2):(1.999852,5.761649,-7.148926):(0.0,0.0)
l_arm1:0:(2.5,1.5,0.0):(3.394427,1.947214,0.000000):(1.0,0.0)
body:229:(8.5,22.5,0.0):(9.392240,22.856241,-0.102916):(0.0,0.0)
body:230:(8.5,22.5,4.0):(9.376974,22.883875,4.225441):(0.0,0.0)
l_arm1:7:(2.0,0.0,-2.5):(2.703635,0.294372,-3.146717):(0.0,0.0)
body:227:(9.0,18.5,-2.0):(9.934078,18.625862,-2.185737):(0.0,0.0)
l_arm1:2:(-1.0,-3.0,-3.5):(-1.393135,-2.896634,-4.413651):(0.5,1.0)
body:218:(8.5,14.5,-1.0):(9.453474,14.437007,-0.777941):(0.0,0.0)
l_arm1:9:(-2.0,-4.0,0.0):(-2.999908,-4.013549,0.000000):(0.0,0.0)
body:226:(8.5,14.5,3.0):(9.430702,14.314220,3.258097):(0.0,0.0)
l_arm1:12:(-1.0,-3.0,3.5):(-1.393135,-2.896634,4.413651):(0.0,0.0)
body:228:(9.0,17.5,5.0):(9.928020,17.409714,5.323505):(0.0,0.0)
l_arm1:15:(2.0,0.0,2.5):(2.703635,0.294372,3.146717):(0.0,0.0)
l_arm1:4:(-0.8,-16.0,-3.0):(-1.552279,-16.025511,-3.658350):(0.0,0.0)
l_arm1:3:(1.8,-16.0,-3.0):(2.464285,-16.042356,-3.746277):(1.0,1.0)
l_arm2:0:(1.5,-2.0,-2.8):(2.159332,-2.039001,-3.550840):(1.0,0.0)
l_arm2:1:(-1.5,-2.0,-2.8):(-2.159332,-2.039001,-3.550840):(0.5,0.0)
l_arm2:14:(-3.0,-0.5,-0.0):(-3.989215,-0.470842,0.143540):(0.0,0.0)
l_arm1:10:(-2.0,-16.0,0.0):(-3.000000,-16.000000,0.000000):(0.0,0.0)
l_arm2:10:(-1.5,0.5,2.5):(-2.003158,0.545742,3.362983):(0.0,0.0)
l_arm1:14:(-0.8,-16.0,3.0):(-1.552279,-16.025511,3.658350):(0.0,0.0)
l_arm2:6:(1.5,0.5,2.5):(2.003158,0.545742,3.362983):(0.0,0.0)
l_arm1:13:(1.8,-16.0,3.0):(2.464285,-16.042356,3.746277):(0.0,0.0)
l_arm1:6:(3.4,-16.0,0.0):(4.398937,-16.046104,0.000000):(0.0,0.0)
l_arm2:5:(3.0,-0.5,-0.0):(3.989215,-0.470842,0.143540):(0.0,0.0)
body:219:(7.5,4.0,0.0):(8.470144,4.000000,0.073694):(0.0,0.0)
waist:2:(7.0,-3.0,0.0):(7.898966,-2.671797,0.223396):(0.5,1.0)
l_breast:25:(-1.6,2.8,-1.8):(-1.682363,3.336847,-2.579664):(0.0,0.0)
body:233:(1.8,17.0,-6.0):(1.859712,17.446516,-6.866130):(0.0,0.0)
l_breast:21:(0.3,3.3,-1.4):(0.471189,3.942954,-2.172249):(0.0,0.0)
body:220:(5.0,18.0,-5.5):(5.074496,18.436167,-6.343925):(0.0,0.0)
l_breast:19:(2.3,2.8,-1.1):(2.712632,3.340148,-1.770143):(0.0,0.0)
body:223:(8.3,16.5,-4.7):(9.017562,16.861584,-5.256610):(0.0,0.0)
l_breast:17:(3.7,1.3,-0.8):(4.483250,1.665040,-1.309649):(0.0,0.0)
l_breast:6:(4.4,-0.5,1.3):(5.423798,-0.500932,1.156470):(0.0,0.0)
body:240:(9.0,14.0,-3.0):(9.970141,13.983314,-2.933235):(0.0,0.0)
body:225:(8.5,10.5,-3.0):(9.445099,10.356561,-2.778552):(0.0,0.0)
l_breast:7:(3.8,-2.7,1.2):(4.800294,-2.998882,1.067775):(0.0,0.0)
body:224:(7.9,7.5,-3.4):(8.803990,7.446825,-3.704543):(0.0,0.0)
l_breast:8:(3.7,-2.5,-0.8):(4.506195,-2.890050,-1.248185):(0.0,0.0)
body:217:(5.5,6.0,-6.0):(5.808860,5.955145,-6.890017):(0.0,0.0)
l_breast:10:(1.7,-2.8,-2.8):(2.193744,-3.263557,-3.631373):(0.0,0.0)
l_breast:11:(0.6,-3.1,-3.0):(0.784735,-3.537189,-3.950459):(0.0,0.0)
l_breast:16:(-0.5,-2.8,-3.2):(-0.543468,-3.166560,-4.183997):(0.0,0.0)
Material:
(255,255,255,255)::
(255,225,200,255)::
(200,200,127,255)::
FaceArray:
0,1,2:1
1,3,2:1
4,6,5:1
6,7,5:1
8,9,10:0
9,11,10:0
9,12,11:0
12,13,11:0
12,14,13:0
14,15,13:0
14,16,15:0
16,17,15:0
16,18,17:0
18,19,17:0
18,8,19:0
8,10,19:0
20,21,22:0
22,23,20:0
22,24,23:0
22,25,24:0
25,26,24:0
25,27,26:0
27,28,26:0
29,28,27:0
30,28,29:0
30,31,28:0
30,20,31:0
21,20,30:0
2,32,0:1
2,33,32:1
7,6,32:1
32,33,7:1
34,35,36:2
34,37,35:2
38,37,39:2
39,37,34:2
40,38,39:2
40,41,38:2
41,40,42:2
42,43,41:2
43,44,41:2
43,45,44:2
43,46,45:2
46,47,45:2
46,48,47:2
48,49,47:2
48,50,49:2
50,51,49:2
51,52,49:2
53,52,51:2
53,54,52:2
35,55,36:2
36,55,56:2
36,56,57:2
57,56,58:2
57,58,54:2
54,58,59:2
54,59,52:2
52,59,60:2
61,62,63:0
61,64,62:0
64,65,62:0
64,66,65:0
66,67,65:0
66,68,67:0
68,69,67:0
68,70,69:0
70,71,69:0
70,72,71:0
72,63,71:0
72,61,63:0
73,74,75:0
75,76,73:0
76,77,73:0
77,78,73:0
77,79,78:0
79,80,78:0
79,81,80:0
80,81,82:0
82,81,83:0
81,84,83:0
84,75,83:0
83,75,74:0
1,85,3:1
85,86,3:1
85,4,5:1
5,86,85:1
56,55,87:2
55,88,87:2
89,88,90:2
87,88,89:2
89,90,91:2
90,92,91:2
93,91,92:2
92,94,93:2
92,95,94:2
95,96,94:2
96,97,94:2
96,98,97:2
98,99,97:2
98,100,99:2
100,101,99:2
100,102,101:2
100,60,102:2
102,60,103:2
60,59,103:2
</>

<skirtC_vp>
waist:ayaka.skirtC
skirt_f:waist:(0.0,-12.0,-3.0):ayaka.skirtC_f
DynamicVisual:
waist:16:(-1.5,-7.0,-7.4):(-0.752143,-6.656129,-7.954924):(0.0,0.0)
waist:17:(-1.5,-7.0,-6.9):(-0.472504,-7.064382,-6.850096):(0.0,0.0)
skirt_f:1:(-2.0,-4.0,-6.9):(-1.262932,-3.988282,-7.556717):(0.5,0.0)
skirt_f:4:(-2.0,-4.0,-6.2):(-0.972644,-4.066520,-6.150096):(0.0,0.0)
waist:15:(-4.6,-7.0,-7.4):(-5.203346,-6.458961,-7.903893):(0.0,0.0)
skirt_f:0:(-6.4,-4.0,-6.9):(-7.069417,-3.860011,-7.551396):(1.0,0.0)
waist:25:(-4.6,-7.0,-6.9):(-5.530775,-6.721190,-6.850096):(0.0,0.0)
skirt_f:16:(-6.4,-4.0,-6.2):(-7.363692,-3.884120,-6.150096):(0.0,0.0)
waist:19:(-7.6,-7.5,-6.6):(-8.204873,-6.897615,-7.034463):(0.0,0.0)
waist:20:(-4.5,-7.0,-7.1):(-4.577238,-6.532549,-7.927638):(0.0,0.0)
skirt_f:8:(-10.3,-4.5,-5.3):(-11.049625,-4.297996,-5.843437):(0.0,0.0)
skirt_f:9:(-6.3,-4.0,-6.4):(-6.546888,-3.888205,-7.304597):(0.0,0.0)
waist:64:(-7.6,-7.5,-6.1):(-8.413124,-6.961612,-6.050097):(0.0,0.0)
skirt_f:18:(-10.3,-4.5,-4.6):(-11.247449,-4.286833,-4.550097):(0.0,0.0)
waist:21:(-9.6,-8.0,-3.4):(-10.367972,-7.409428,-3.227024):(0.0,0.0)
waist:22:(-7.5,-7.5,-6.3):(-8.167400,-6.906423,-6.652459):(0.0,0.0)
skirt_f:13:(-14.4,-10.0,-2.0):(-14.936589,-10.630674,-2.480870):(0.0,0.0)
skirt_f:12:(-10.2,-4.5,-4.8):(-10.884552,-4.295502,-5.419584):(0.0,0.0)
waist:26:(-9.1,-8.0,-3.4):(-9.070427,-8.168296,-2.364363):(0.0,0.0)
skirt_f:20:(-13.7,-10.0,-2.0):(-13.277337,-10.873143,-1.661831):(0.0,0.0)
waist:24:(-9.3,-8.0,-3.5):(-10.061040,-7.532380,-3.845402):(0.0,0.0)
skirt_f:15:(-13.9,-10.0,-2.1):(-14.485894,-9.507622,-2.665551):(0.0,0.0)
waist:54:(-16.7,-22.0,-0.1):(-17.450901,-21.682236,0.488316):(0.0,0.0)
waist:55:(-16.2,-22.0,-0.1):(-15.716732,-22.836998,0.255835):(0.0,0.0)
waist:9:(-5.0,-8.0,-6.0):(-4.970429,-9.000000,-5.950096):(0.0,0.0)
skirt_f:24:(-6.4,-4.0,-5.7):(-6.089233,-4.283170,-4.733177):(0.0,0.0)
waist:14:(-8.5,-8.0,0.0):(-7.824121,-8.636695,-0.370701):(0.0,0.0)
skirt_f:29:(2.0,-4.0,-6.9):(1.262932,-3.988282,-7.556717):(0.0,0.0)
waist:81:(1.5,-7.0,-6.9):(0.472504,-7.064382,-6.850096):(0.0,0.0)
waist:80:(1.5,-7.0,-7.4):(0.752143,-6.656129,-7.954924):(0.0,0.0)
skirt_f:32:(2.0,-4.0,-6.2):(0.972644,-4.066520,-6.150096):(0.0,0.0)
skirt_f:28:(6.4,-4.0,-6.9):(7.069417,-3.860011,-7.551396):(0.0,0.0)
waist:79:(4.6,-7.0,-7.4):(5.203346,-6.458961,-7.903893):(0.0,0.0)
skirt_f:41:(6.4,-4.0,-6.2):(7.363692,-3.884120,-6.150096):(0.0,0.0)
waist:88:(4.6,-7.0,-6.9):(5.530775,-6.721190,-6.850096):(0.0,0.0)
skirt_f:33:(10.3,-4.5,-5.3):(11.043053,-4.297574,-5.851830):(0.0,0.0)
waist:83:(4.5,-7.0,-7.1):(4.577238,-6.532549,-7.927638):(0.0,0.0)
waist:82:(7.6,-7.5,-6.6):(8.204873,-6.897615,-7.034463):(0.0,0.0)
skirt_f:34:(6.3,-4.0,-6.4):(6.526528,-3.890090,-7.310478):(0.0,0.0)
skirt_f:43:(10.3,-4.5,-4.6):(11.247449,-4.286833,-4.550097):(0.0,0.0)
waist:118:(7.6,-7.5,-6.1):(8.413124,-6.961612,-6.050097):(0.0,0.0)
skirt_f:38:(14.4,-10.0,-2.0):(14.936589,-10.630674,-2.480870):(0.0,0.0)
waist:85:(7.5,-7.5,-6.3):(8.167400,-6.906423,-6.652459):(0.0,0.0)
waist:84:(9.6,-8.0,-3.4):(10.367972,-7.409428,-3.227024):(0.0,0.0)
skirt_f:37:(10.2,-4.5,-4.8):(10.884552,-4.295502,-5.419584):(0.0,0.0)
skirt_f:45:(13.7,-10.0,-2.0):(13.277337,-10.873143,-1.661831):(0.0,0.0)
waist:89:(9.1,-8.0,-3.4):(9.070427,-8.168296,-2.364363):(0.0,0.0)
waist:108:(16.7,-22.0,-0.1):(17.450901,-21.682236,0.488316):(0.0,0.0)
skirt_f:40:(13.9,-10.0,-2.1):(14.485894,-9.507622,-2.665551):(0.0,0.0)
waist:87:(9.3,-8.0,-3.5):(10.061040,-7.532380,-3.845402):(0.0,0.0)
waist:109:(16.2,-22.0,-0.1):(15.716732,-22.836998,0.255835):(0.0,0.0)
skirt_f:25:(6.4,-4.0,-5.7):(6.089233,-4.283170,-4.733177):(0.0,0.0)
waist:8:(5.0,-8.0,-6.0):(4.970429,-9.000000,-5.950096):(0.0,0.0)
waist:78:(8.5,-8.0,0.0):(7.824121,-8.636695,-0.370701):(0.0,0.0)
waist:18:(-1.6,-7.0,-7.1):(-1.570430,-6.519167,-7.926908):(0.0,0.0)
waist:34:(1.6,-7.0,-7.1):(1.570430,-6.519167,-7.926908):(0.0,0.0)
skirt_f:6:(-2.1,-4.0,-6.4):(-2.070430,-3.916955,-7.346642):(0.0,0.0)
skirt_f:22:(2.1,-4.0,-6.4):(2.070430,-3.916955,-7.346642):(0.0,0.0)
Material:
(0,127,64,255)::
FaceArray:
0,1,2:0
1,3,2:0
4,0,5:0
0,2,5:0
6,4,7:0
4,5,7:0
8,9,10:0
9,11,10:0
12,8,13:0
8,10,13:0
14,15,16:0
15,17,16:0
18,14,19:0
14,16,19:0
20,21,22:0
23,22,21:0
23,21,19:0
24,19,25:0
19,24,26:0
26,23,19:0
27,28,29:0
27,30,28:0
31,29,32:0
31,27,29:0
33,32,34:0
33,31,32:0
35,36,37:0
35,38,36:0
39,37,40:0
39,35,37:0
41,42,43:0
41,44,42:0
45,43,46:0
45,41,43:0
47,48,49:0
48,47,50:0
45,48,50:0
51,45,52:0
53,52,45:0
45,50,53:0
54,55,56:0
55,57,56:0
52,24,25:0
52,25,51:0
</>

<shoesA_vp>
l_leg1:female.l_leg1
l_leg2:ayaka.l_lega2
l_foot:ayaka.l_shoea
r_leg1:female.r_leg1
r_leg2:ayaka.r_lega2
r_foot:ayaka.r_shoea
DynamicVisual:
l_leg1:14:(0.0,-35.0,-1.5):(-0.487187,-35.140530,-2.361917):(0.0,0.0)
l_leg2:3:(1.0,-1.0,-3.0):(1.430171,-1.148411,-3.890466):(1.0,1.0)
l_leg2:2:(-1.5,-1.0,-3.0):(-1.930170,-1.148411,-3.890466):(0.5,1.0)
l_leg1:15:(2.5,-35.0,-1.5):(2.987186,-35.140530,-2.361918):(0.0,0.0)
l_leg1:12:(4.5,-33.5,1.5):(5.482428,-33.591042,1.337055):(0.0,0.0)
l_leg2:0:(3.0,-4.0,0.0):(3.952405,-4.061806,-0.298509):(1.0,0.0)
l_leg2:10:(1.0,-6.0,3.5):(1.716628,-5.943139,4.195136):(0.0,0.0)
l_leg2:11:(-1.5,-6.0,3.5):(-2.210922,-5.939677,4.200678):(0.0,0.0)
l_leg1:13:(-2.0,-33.5,1.5):(-2.991587,-33.547077,1.379422):(0.0,0.0)
l_leg2:1:(-3.5,-4.0,0.0):(-4.453370,-4.049037,-0.297793):(0.5,0.0)
l_leg1:16:(2.5,-31.0,4.5):(3.095111,-31.044964,5.302385):(0.0,0.0)
l_leg1:17:(0.0,-31.0,4.5):(-0.696728,-31.058783,5.214924):(0.0,0.0)
r_leg2:2:(1.5,-1.0,-3.0):(1.930170,-1.148411,-3.890466):(0.5,1.0)
r_leg2:3:(-1.0,-1.0,-3.0):(-1.430171,-1.148411,-3.890466):(1.0,1.0)
r_leg1:14:(-0.0,-35.0,-1.5):(0.487187,-35.140530,-2.361917):(0.0,0.0)
r_leg1:15:(-2.5,-35.0,-1.5):(-2.987186,-35.140530,-2.361918):(0.0,0.0)
r_leg1:12:(-4.5,-33.5,1.5):(-5.482428,-33.591042,1.337055):(0.0,0.0)
r_leg2:0:(-3.0,-4.0,0.0):(-3.963256,-4.061750,-0.261398):(1.0,0.0)
r_leg2:10:(-1.0,-6.0,3.5):(-1.716628,-5.943140,4.195136):(0.0,0.0)
r_leg2:1:(3.5,-4.0,0.0):(4.461489,-4.048536,-0.270527):(0.5,0.0)
r_leg1:13:(2.0,-33.5,1.5):(2.991587,-33.547077,1.379422):(0.0,0.0)
r_leg2:11:(1.5,-6.0,3.5):(2.210922,-5.939678,4.200678):(0.0,0.0)
r_leg1:16:(-2.5,-31.0,4.5):(-3.095111,-31.044964,5.302385):(0.0,0.0)
r_leg1:17:(-0.0,-31.0,4.5):(0.696728,-31.058783,5.214924):(0.0,0.0)
l_leg2:22:(-1.6,-35.0,-1.8):(-2.118183,-35.040466,-2.654314):(0.0,0.0)
l_leg2:23:(0.7,-35.0,-1.8):(1.232564,-35.051231,-2.644840):(0.0,0.0)
l_foot:31:(-1.3,-1.0,-3.7):(-0.843831,-1.125850,-2.819051):(0.0,0.0)
l_foot:30:(1.8,-1.0,-3.7):(1.343832,-1.125850,-2.819051):(0.0,0.0)
l_foot:34:(2.4,-2.0,-3.0):(2.018779,-1.412938,-2.285837):(0.0,0.0)
l_leg2:20:(1.8,-35.0,0.5):(2.794467,-35.061321,0.414674):(0.0,0.0)
l_foot:35:(2.7,-2.0,1.0):(2.700002,-1.000000,1.000001):(0.0,0.0)
l_leg2:24:(0.6,-35.0,3.4):(1.153335,-35.106995,4.226060):(0.0,0.0)
l_foot:36:(1.5,-2.0,2.7):(1.500002,-1.000000,2.700001):(0.0,0.0)
l_foot:37:(-1.0,-2.0,2.7):(-1.000002,-1.000000,2.700001):(0.0,0.0)
l_leg2:25:(-1.6,-35.0,3.4):(-2.154673,-35.090839,4.227096):(0.0,0.0)
l_foot:33:(-2.2,-2.0,1.0):(-2.200002,-1.000000,1.000001):(0.0,0.0)
l_leg2:21:(-2.8,-35.0,0.5):(-3.794820,-35.038845,0.406047):(0.0,0.0)
l_foot:32:(-1.9,-2.0,-3.0):(-1.518780,-1.412938,-2.285836):(0.0,0.0)
r_foot:31:(1.3,-1.0,-3.7):(0.843832,-1.125854,-2.819050):(0.0,0.0)
r_leg2:23:(-0.7,-35.0,-1.8):(-1.232564,-35.051231,-2.644840):(0.0,0.0)
r_leg2:22:(1.6,-35.0,-1.8):(2.118182,-35.040466,-2.654314):(0.0,0.0)
r_foot:30:(-1.8,-1.0,-3.7):(-1.343832,-1.125854,-2.819051):(0.0,0.0)
r_foot:34:(-2.4,-2.0,-3.0):(-2.018780,-1.412935,-2.285837):(0.0,0.0)
r_leg2:20:(-1.8,-35.0,0.5):(-2.794467,-35.061321,0.414675):(0.0,0.0)
r_foot:35:(-2.7,-2.0,1.0):(-2.700002,-0.999997,1.000001):(0.0,0.0)
r_leg2:24:(-0.6,-35.0,3.4):(-1.153335,-35.106995,4.226060):(0.0,0.0)
r_foot:36:(-1.5,-2.0,2.7):(-1.500002,-0.999997,2.700001):(0.0,0.0)
r_foot:37:(1.0,-2.0,2.7):(1.000002,-0.999997,2.700001):(0.0,0.0)
r_leg2:25:(1.6,-35.0,3.4):(2.154672,-35.090839,4.227096):(0.0,0.0)
r_foot:33:(2.2,-2.0,1.0):(2.200002,-0.999997,1.000001):(0.0,0.0)
r_leg2:21:(2.8,-35.0,0.5):(3.794820,-35.038845,0.406047):(0.0,0.0)
r_foot:32:(1.9,-2.0,-3.0):(1.518780,-1.412935,-2.285836):(0.0,0.0)
Material:
(64,64,100,255)::
(255,225,200,255)::
FaceArray:
0,1,2:1
0,3,1:1
1,3,4:1
1,4,5:1
5,4,6:1
7,8,9:1
9,8,2:1
2,8,0:1
4,10,6:1
6,10,11:1
11,7,6:1
7,11,8:1
12,13,14:1
13,15,14:1
16,15,13:1
17,16,13:1
18,16,17:1
19,20,21:1
12,20,19:1
14,20,12:1
18,22,16:1
23,22,18:1
18,21,23:1
20,23,21:1
24,25,26:0
25,27,26:0
25,28,27:0
25,29,28:0
29,30,28:0
29,31,30:0
31,32,30:0
31,33,32:0
31,34,33:0
34,35,33:0
34,36,35:0
36,37,35:0
36,24,37:0
24,26,37:0
38,39,40:0
38,41,39:0
41,42,39:0
42,43,39:0
42,44,43:0
44,45,43:0
44,46,45:0
46,47,45:0
47,48,45:0
47,49,48:0
49,50,48:0
49,51,50:0
51,40,50:0
51,38,40:0
</>
