
<l_hands>
female.l_hand:デフォルト
female.l_handG:握り
</>

<r_hands>
female.r_hand:デフォルト
female.r_handG:握り
</>

<body>
body:female.body
l_breast:female.l_breast
r_breast:female.r_breast
DynamicVisual:
body:5:(4.5,4.0,-5.0):(4.873500,3.730903,-5.824808):(0.0,0.0)
body:65:(7.5,4.0,0.0):(8.443258,3.768497,0.047315):(0.0,0.0)
waist:2:(7.0,-3.0,0.0):(7.898966,-2.671797,0.223396):(0.5,1.0)
waist:1:(4.5,-3.0,-5.0):(5.039868,-2.747690,-5.732451):(0.5,0.0)
body:1:(4.5,4.0,4.5):(4.930862,3.870618,5.428119):(0.5,0.0)
waist:0:(4.5,-3.0,4.5):(4.695519,-2.694681,5.475169):(1.0,0.0)
body:18:(-4.5,4.0,-5.0):(-4.873500,3.730903,-5.824808):(0.0,0.0)
waist:4:(-4.5,-3.0,-5.0):(-5.039868,-2.747690,-5.732451):(0.0,0.0)
body:14:(-4.5,4.0,4.5):(-4.930667,3.870750,5.428240):(0.0,0.0)
waist:3:(-4.5,-3.0,4.5):(-4.695519,-2.694681,5.475169):(1.0,1.0)
l_arm1:3:(1.8,-0.0,-2.0):(2.490121,0.134414,-2.711102):(1.0,1.0)
body:72:(8.5,22.5,0.0):(8.913983,23.372522,-0.154964):(0.0,0.0)
body:73:(8.5,22.5,4.0):(9.000964,23.275362,4.392468):(0.0,0.0)
body:70:(9.0,18.5,-2.0):(9.773236,18.682634,-2.517664):(0.0,0.0)
l_arm1:5:(-1.0,-3.0,-2.5):(-1.364588,-2.960278,-3.430322):(0.0,0.0)
body:64:(8.5,15.0,-1.0):(9.467459,14.923175,-0.946727):(0.0,0.0)
l_arm1:9:(-2.0,-4.0,0.0):(-2.999955,-4.009483,0.000000):(0.0,0.0)
l_arm1:13:(-1.0,-3.0,2.5):(-1.364588,-2.960278,3.430321):(0.0,0.0)
body:69:(8.5,15.0,3.0):(9.253429,14.719778,3.605215):(0.0,0.0)
body:71:(9.0,17.5,4.0):(9.667886,17.335426,4.747372):(0.0,0.0)
l_arm1:11:(1.8,-0.0,2.0):(2.490121,0.134413,2.711102):(0.0,0.0)
l_arm1:0:(3.0,1.0,0.0):(3.980580,1.196116,0.000000):(1.0,0.0)
l_breast:14:(-4.1,-0.5,-1.7):(-4.832203,-0.545501,-2.393551):(0.0,0.0)
body:62:(0.6,15.1,-6.4):(0.617751,15.493923,-7.290560):(0.0,0.0)
l_breast:26:(-3.0,1.3,-2.2):(-3.492372,1.638922,-3.017841):(0.0,0.0)
body:60:(2.0,17.2,-5.5):(2.002084,17.646151,-6.366013):(0.0,0.0)
l_breast:28:(-1.6,2.8,-1.8):(-1.772606,3.340148,-2.561012):(0.0,0.0)
body:88:(4.6,18.0,-5.3):(4.611875,18.433765,-6.170586):(0.0,0.0)
l_breast:24:(0.3,3.3,-1.4):(0.471190,3.942954,-2.172250):(0.0,0.0)
body:89:(6.9,17.4,-4.8):(7.399792,17.874910,-5.461776):(0.0,0.0)
l_breast:22:(2.3,2.8,-1.1):(2.712632,3.340148,-1.770143):(0.0,0.0)
body:90:(8.5,15.7,-4.5):(9.498314,15.910224,-4.630585):(0.0,0.0)
l_breast:20:(3.7,1.3,-0.8):(4.483250,1.665040,-1.309649):(0.0,0.0)
l_breast:3:(4.4,-0.5,1.3):(5.423798,-0.500932,1.156470):(0.0,0.0)
body:87:(8.6,12.5,-2.8):(9.556829,12.401334,-2.643140):(0.0,0.0)
l_breast:4:(3.8,-2.7,1.2):(4.610913,-3.376667,1.077982):(0.0,0.0)
body:91:(8.1,10.3,-3.0):(9.068843,10.008326,-2.850980):(0.0,0.0)
body:68:(7.7,9.0,-3.7):(8.572426,8.719817,-3.978571):(0.0,0.0)
l_breast:7:(2.2,-3.9,0.7):(2.651018,-4.795964,0.639038):(0.0,0.0)
body:63:(4.8,8.3,-5.8):(5.126707,8.105128,-6.663929):(0.0,0.0)
l_breast:10:(0.3,-4.3,-1.4):(0.501933,-5.196053,-1.826865):(0.0,0.0)
body:59:(2.0,8.7,-6.1):(2.009520,8.492051,-7.027453):(0.0,0.0)
l_breast:18:(-1.6,-3.8,-1.8):(-1.919745,-4.477080,-2.384746):(0.0,0.0)
l_breast:15:(-3.8,-2.7,-1.0):(-4.517390,-3.187515,-1.565696):(0.0,0.0)
waist:37:(-7.0,-3.0,0.0):(-7.898966,-2.671797,0.223396):(0.0,0.0)
body:32:(-7.5,4.0,0.0):(-8.443258,3.768497,0.047315):(0.0,0.0)
body:37:(-9.0,18.5,-2.0):(-9.773236,18.682634,-2.517664):(0.0,0.0)
body:31:(-8.5,15.0,-1.0):(-9.467459,14.923175,-0.946727):(0.0,0.0)
r_arm1:5:(1.0,-3.0,-2.5):(1.364588,-2.960278,-3.430322):(0.0,0.0)
r_arm1:9:(2.0,-4.0,0.0):(2.999955,-4.009483,0.000000):(0.0,0.0)
r_arm1:13:(1.0,-3.0,2.5):(1.364588,-2.960278,3.430321):(0.0,0.0)
body:36:(-8.5,15.0,3.0):(-9.253429,14.719778,3.605215):(0.0,0.0)
body:38:(-9.0,17.5,4.0):(-9.667886,17.335426,4.747372):(0.0,0.0)
r_arm1:11:(-1.8,-0.0,2.0):(-2.490121,0.134413,2.711102):(0.0,0.0)
body:40:(-8.5,22.5,4.0):(-9.000964,23.275362,4.392468):(0.0,0.0)
r_arm1:0:(-3.0,1.0,0.0):(-3.980580,1.196116,0.000000):(1.0,0.0)
body:39:(-8.5,22.5,0.0):(-8.913983,23.372522,-0.154964):(0.0,0.0)
r_arm1:3:(-1.8,-0.0,-2.0):(-2.490121,0.134414,-2.711102):(1.0,1.0)
r_breast:26:(3.0,1.3,-2.2):(3.477512,1.626386,-3.031273):(0.0,0.0)
body:61:(-0.6,15.1,-6.4):(-0.617751,15.493923,-7.290560):(0.0,0.0)
r_breast:14:(4.1,-0.5,-1.7):(4.832203,-0.545501,-2.393551):(0.0,0.0)
body:7:(-2.0,17.2,-5.5):(-2.002084,17.646151,-6.366013):(0.0,0.0)
r_breast:28:(1.6,2.8,-1.8):(1.749777,3.320642,-2.579449):(0.0,0.0)
body:55:(-4.6,18.0,-5.3):(-4.611875,18.433765,-6.170586):(0.0,0.0)
r_breast:24:(-0.3,3.3,-1.4):(-0.471190,3.942954,-2.172250):(0.0,0.0)
body:56:(-6.9,17.4,-4.8):(-7.399792,17.874910,-5.461776):(0.0,0.0)
r_breast:22:(-2.3,2.8,-1.1):(-2.712632,3.340148,-1.770143):(0.0,0.0)
body:57:(-8.5,15.7,-4.5):(-9.498314,15.910224,-4.630585):(0.0,0.0)
r_breast:20:(-3.7,1.3,-0.8):(-4.483250,1.665040,-1.309649):(0.0,0.0)
r_breast:3:(-4.4,-0.5,1.3):(-5.423798,-0.500932,1.156470):(0.0,0.0)
body:54:(-8.6,12.5,-2.8):(-9.556829,12.401334,-2.643140):(0.0,0.0)
r_breast:4:(-3.8,-2.7,1.2):(-4.610913,-3.376667,1.077981):(0.0,0.0)
body:58:(-8.1,10.3,-3.0):(-9.068843,10.008326,-2.850980):(0.0,0.0)
body:35:(-7.7,9.0,-3.7):(-8.572426,8.719817,-3.978571):(0.0,0.0)
r_breast:7:(-2.2,-3.9,0.7):(-2.651018,-4.795964,0.639038):(0.0,0.0)
body:30:(-4.8,8.3,-5.8):(-5.126707,8.105128,-6.663929):(0.0,0.0)
r_breast:10:(-0.3,-4.3,-1.4):(-0.501933,-5.196053,-1.826865):(0.0,0.0)
body:6:(-2.0,8.7,-6.1):(-2.009520,8.492051,-7.027453):(0.0,0.0)
r_breast:18:(1.6,-3.8,-1.8):(1.942837,-4.492953,-2.352992):(0.0,0.0)
r_breast:15:(3.8,-2.7,-1.0):(4.517390,-3.187515,-1.565696):(0.0,0.0)
Material:
(255,225,200,255)::
FaceArray:
0,1,2:0
2,3,0:0
1,4,2:0
2,4,5:0
6,0,3:0
3,7,6:0
8,5,4:0
5,8,9:0
14,15,13:0
14,16,15:0
16,17,15:0
17,18,15:0
17,19,18:0
17,20,19:0
20,12,19:0
20,21,12:0
21,10,11:0
11,12,21:0
10,14,11:0
14,13,11:0
22,23,24:0
23,25,24:0
24,25,26:0
26,25,27:0
26,27,28:0
28,27,29:0
28,29,30:0
30,29,31:0
30,31,32:0
32,31,33:0
33,31,34:0
33,34,35:0
35,34,36:0
35,36,37:0
35,37,38:0
38,37,39:0
38,39,40:0
40,39,41:0
42,40,41:0
42,41,43:0
44,45,6:0
6,7,44:0
44,8,45:0
9,8,44:0
46,47,48:0
47,49,48:0
47,50,49:0
47,51,50:0
51,52,50:0
52,53,50:0
52,54,53:0
54,55,53:0
56,57,55:0
55,54,56:0
56,48,57:0
56,46,48:0
58,59,60:0
58,61,59:0
62,61,58:0
63,61,62:0
64,63,62:0
65,63,64:0
66,65,64:0
67,65,66:0
68,67,66:0
69,67,68:0
70,67,69:0
71,70,69:0
72,70,71:0
73,72,71:0
74,73,71:0
75,73,74:0
76,75,74:0
77,75,76:0
77,76,78:0
79,77,78:0
59,23,60:0
23,22,60:0
60,22,79:0
22,43,79:0
79,43,77:0
43,41,77:0
</>

<legs>
l_leg1:::female.l_leg1
l_leg2:::female.l_leg2
r_leg1:::female.r_leg1
r_leg2:::female.r_leg2
DynamicVisual:
l_leg1:14:(0.0,-35.0,-1.5):(-0.487187,-35.140530,-2.361917):(0.0,0.0)
l_leg1:15:(2.5,-35.0,-1.5):(2.987186,-35.140530,-2.361918):(0.0,0.0)
l_leg2:2:(-1.5,-1.0,-3.0):(-1.930170,-1.148411,-3.890466):(0.5,1.0)
l_leg2:3:(1.0,-1.0,-3.0):(1.430171,-1.148411,-3.890466):(1.0,1.0)
l_leg1:12:(4.5,-33.5,1.5):(5.482428,-33.591042,1.337055):(0.0,0.0)
l_leg2:0:(3.0,-4.0,0.0):(3.954600,-4.040752,-0.295099):(1.0,0.0)
l_leg2:10:(1.0,-6.0,3.5):(1.674780,-5.931829,4.234865):(0.0,0.0)
l_leg1:16:(2.5,-31.0,4.5):(3.095111,-31.044964,5.302385):(0.0,0.0)
l_leg2:11:(-1.5,-6.0,3.5):(-2.174778,-5.931829,4.234865):(0.0,0.0)
l_leg1:17:(0.0,-31.0,4.5):(-0.696728,-31.058783,5.214924):(0.0,0.0)
l_leg1:13:(-2.0,-33.5,1.5):(-2.991587,-33.547077,1.379422):(0.0,0.0)
l_leg2:1:(-3.5,-4.0,0.0):(-4.454597,-4.040752,-0.295099):(0.5,0.0)
r_leg2:2:(1.5,-1.0,-3.0):(1.930170,-1.148411,-3.890466):(0.5,1.0)
r_leg1:15:(-2.5,-35.0,-1.5):(-2.987186,-35.140530,-2.361918):(0.0,0.0)
r_leg1:14:(-0.0,-35.0,-1.5):(0.487187,-35.140530,-2.361917):(0.0,0.0)
r_leg2:3:(-1.0,-1.0,-3.0):(-1.430171,-1.148411,-3.890466):(1.0,1.0)
r_leg1:12:(-4.5,-33.5,1.5):(-5.482428,-33.591042,1.337055):(0.0,0.0)
r_leg2:0:(-3.0,-4.0,0.0):(-3.954600,-4.040752,-0.295099):(1.0,0.0)
r_leg2:10:(-1.0,-6.0,3.5):(-1.674780,-5.931829,4.234865):(0.0,0.0)
r_leg1:16:(-2.5,-31.0,4.5):(-3.095111,-31.044964,5.302385):(0.0,0.0)
r_leg2:11:(1.5,-6.0,3.5):(2.174778,-5.931829,4.234865):(0.0,0.0)
r_leg1:17:(-0.0,-31.0,4.5):(0.696728,-31.058783,5.214924):(0.0,0.0)
r_leg1:13:(2.0,-33.5,1.5):(2.991587,-33.547077,1.379422):(0.0,0.0)
r_leg2:1:(3.5,-4.0,0.0):(4.454597,-4.040752,-0.295099):(0.5,0.0)
Material:
(255,255,255,255)::
(255,225,200,255)::
FaceArray:
0,1,2:1
2,1,3:1
1,4,3:1
3,4,5:1
4,6,5:1
4,7,6:1
7,8,6:1
8,7,9:1
9,10,8:1
8,10,11:1
2,10,0:1
2,11,10:1
12,13,14:1
15,13,12:1
15,16,13:1
17,16,15:1
17,18,16:1
18,19,16:1
18,20,19:1
21,19,20:1
20,22,21:1
23,22,20:1
14,22,12:1
22,23,12:1
</>

<foots>
l_foot:::female.l_foot
r_foot:::female.r_foot
DynamicVisual:
l_leg2:16:(-1.5,-35.0,-1.5):(-2.025583,-35.035431,-2.350006):(0.0,0.0)
l_leg2:17:(0.5,-35.0,-1.5):(1.025212,-35.046360,-2.349710):(0.0,0.0)
l_foot:13:(-1.0,-1.0,-4.0):(-1.465522,-0.212127,-4.403162):(0.0,0.0)
l_foot:12:(1.5,-1.0,-4.0):(1.991225,-0.247739,-4.439087):(0.0,0.0)
l_leg2:14:(1.5,-35.0,0.5):(2.491973,-35.062275,0.389909):(0.0,0.0)
l_foot:0:(2.5,-2.0,-2.0):(3.482243,-1.830734,-2.080945):(1.0,0.0)
l_foot:4:(2.5,-2.0,1.0):(3.457094,-1.999997,1.289785):(0.0,0.0)
l_leg2:18:(0.5,-35.0,3.0):(1.058245,-35.113132,3.821930):(0.0,0.0)
l_foot:8:(1.5,-2.0,2.5):(1.972046,-1.962259,3.380768):(0.0,0.0)
l_foot:10:(-1.0,-2.0,2.5):(-1.496665,-1.961667,3.367098):(0.0,0.0)
l_leg2:19:(-1.5,-35.0,3.0):(-2.059644,-35.096844,3.823057):(0.0,0.0)
l_foot:6:(-2.0,-2.0,1.0):(-2.964869,-1.999997,1.262742):(0.0,0.0)
l_leg2:15:(-2.5,-35.0,0.5):(-3.493877,-35.039314,0.396722):(0.0,0.0)
l_foot:2:(-2.0,-2.0,-2.0):(-2.980167,-1.802851,-2.020260):(0.5,1.0)
r_foot:13:(1.0,-1.0,-4.0):(1.465522,-0.212127,-4.403162):(0.0,0.0)
r_leg2:17:(-0.5,-35.0,-1.5):(-1.025212,-35.046360,-2.349710):(0.0,0.0)
r_leg2:16:(1.5,-35.0,-1.5):(2.025583,-35.035431,-2.350006):(0.0,0.0)
r_foot:12:(-1.5,-1.0,-4.0):(-1.991225,-0.247739,-4.439087):(0.0,0.0)
r_leg2:14:(-1.5,-35.0,0.5):(-2.491973,-35.062275,0.389909):(0.0,0.0)
r_foot:0:(-2.5,-2.0,-2.0):(-3.482243,-1.830734,-2.080945):(1.0,0.0)
r_foot:4:(-2.5,-2.0,1.0):(-3.456945,-1.980688,1.289632):(0.0,0.0)
r_leg2:18:(-0.5,-35.0,3.0):(-1.058245,-35.113132,3.821930):(0.0,0.0)
r_foot:8:(-1.5,-2.0,2.5):(-1.971408,-1.941333,3.379964):(0.0,0.0)
r_foot:10:(1.0,-2.0,2.5):(1.496059,-1.942239,3.366369):(0.0,0.0)
r_leg2:19:(1.5,-35.0,3.0):(2.059644,-35.096844,3.823057):(0.0,0.0)
r_foot:6:(2.0,-2.0,1.0):(2.964741,-1.982488,1.262627):(0.0,0.0)
r_leg2:15:(2.5,-35.0,0.5):(3.493877,-35.039314,0.396722):(0.0,0.0)
r_foot:2:(2.0,-2.0,-2.0):(2.979926,-1.803008,-2.030752):(0.5,1.0)
Material:
(255,225,200,255)::
FaceArray:
0,1,2:0
1,3,2:0
1,4,3:0
4,5,3:0
4,6,5:0
4,7,6:0
7,8,6:0
7,9,8:0
7,10,9:0
10,11,9:0
10,12,11:0
12,13,11:0
12,2,13:0
12,0,2:0
14,15,16:0
14,17,15:0
17,18,15:0
17,19,18:0
19,20,18:0
20,21,18:0
20,22,21:0
22,23,21:0
23,24,21:0
23,25,24:0
25,26,24:0
25,27,26:0
27,14,26:0
14,16,26:0
</>

<waist>
waist:::female.waist
DynamicVisual:
waist:41:(-1.0,-19.5,0.0):(-0.874568,-20.457184,-0.223251):(0.0,0.0)
r_leg1:1:(2.5,-8.0,0.0):(3.497313,-8.028201,0.067619):(0.5,0.0)
r_leg1:2:(1.0,-8.0,-5.0):(1.581548,-8.072422,-5.810283):(0.5,1.0)
waist:39:(-2.5,-15.5,-5.0):(-2.753016,-15.934928,-5.805072):(0.0,0.0)
r_leg1:19:(-3.0,-1.0,-5.0):(-3.606678,-1.000000,-5.794949):(0.0,0.0)
waist:38:(-7.0,-10.0,-4.5):(-7.530272,-9.900728,-5.272727):(0.0,0.0)
r_leg1:18:(-6.5,-1.5,0.0):(-7.500000,-1.500000,0.000000):(0.0,0.0)
waist:40:(-9.0,-9.0,0.0):(-9.927979,-8.783856,0.240612):(0.0,0.0)
r_leg1:5:(1.5,-8.0,5.0):(2.133574,-8.024368,5.773298):(0.0,0.0)
waist:47:(-0.5,-20.0,5.5):(0.265107,-20.491314,6.016381):(0.0,0.0)
waist:48:(-8.5,-16.0,3.5):(-9.386593,-16.080429,3.942546):(0.0,0.0)
r_leg1:4:(-3.0,-8.0,5.0):(-3.606592,-8.011662,5.794928):(0.0,0.0)
waist:46:(-6.5,-19.5,5.5):(-6.780624,-20.012056,6.350893):(0.0,0.0)
l_leg1:2:(-1.0,-8.0,-5.0):(-1.581548,-8.072422,-5.810283):(0.5,1.0)
l_leg1:1:(-2.5,-8.0,0.0):(-3.497313,-8.028201,0.067619):(0.5,0.0)
waist:10:(1.0,-19.5,0.0):(0.874568,-20.457184,-0.223251):(0.0,0.0)
waist:7:(2.5,-15.5,-5.0):(2.753016,-15.934928,-5.805072):(0.0,0.0)
l_leg1:19:(3.0,-1.0,-5.0):(3.606678,-1.000000,-5.794949):(0.0,0.0)
waist:6:(7.0,-10.0,-4.5):(7.530272,-9.900728,-5.272727):(0.0,0.0)
l_leg1:18:(6.5,-1.5,0.0):(7.500000,-1.500000,0.000000):(0.0,0.0)
waist:9:(9.0,-9.0,0.0):(9.927979,-8.783856,0.240612):(0.0,0.0)
waist:20:(0.5,-20.0,5.5):(-0.265107,-20.491314,6.016381):(0.0,0.0)
l_leg1:5:(-1.5,-8.0,5.0):(-2.133574,-8.024368,5.773298):(0.0,0.0)
waist:21:(8.5,-16.0,3.5):(9.386593,-16.080429,3.942546):(0.0,0.0)
waist:19:(6.5,-19.5,5.5):(6.780624,-20.012056,6.350893):(0.0,0.0)
l_leg1:4:(3.0,-8.0,5.0):(3.606592,-8.011662,5.794928):(0.0,0.0)
Material:
(255,255,255,255)::
(255,225,200,255)::
FaceArray:
0,1,2:1
2,3,0:1
4,3,2:1
5,3,4:1
4,6,5:1
6,7,5:1
8,0,9:1
1,0,8:1
7,6,10:1
11,8,12:1
8,9,12:1
6,12,10:1
6,11,12:1
13,14,15:1
15,16,13:1
13,16,17:1
17,16,18:1
18,19,17:1
18,20,19:1
21,15,22:1
22,15,14:1
23,19,20:1
24,22,25:1
24,21,22:1
23,24,19:1
24,25,19:1
</>

<arms>
l_arm1:::female.l_arm1
l_arm2:::female.l_arm2
r_arm1:::female.r_arm1
r_arm2:::female.r_arm2
DynamicVisual:
l_arm2:1:(1.5,-2.2,-2.0):(2.007889,-2.108231,-2.856521):(0.5,0.0)
l_arm1:18:(-0.7,-17.5,-2.0):(-1.225110,-17.540945,-2.850049):(0.0,0.0)
l_arm1:17:(1.7,-17.5,-2.0):(2.375406,-17.530640,-2.736810):(0.0,0.0)
l_arm2:0:(2.5,-0.5,0.0):(3.496610,-0.429744,0.042821):(1.0,0.0)
l_arm1:16:(2.9,-17.5,0.0):(3.899923,-17.512497,0.000000):(0.0,0.0)
l_arm2:4:(1.0,0.5,2.0):(1.459424,0.541766,2.887235):(0.0,0.0)
l_arm1:20:(1.7,-17.5,2.0):(2.375406,-17.530636,2.736810):(0.0,0.0)
l_arm2:5:(-1.0,0.5,2.0):(-1.459424,0.541766,2.887235):(0.0,0.0)
l_arm1:21:(-0.7,-17.5,2.0):(-1.225110,-17.540941,2.850049):(0.0,0.0)
l_arm2:3:(-2.5,-0.5,0.0):(-3.496609,-0.429744,0.042821):(1.0,1.0)
l_arm1:19:(-1.7,-17.5,0.0):(-2.699047,-17.543650,0.000000):(0.0,0.0)
l_arm2:2:(-1.5,-2.2,-2.0):(-2.007889,-2.108231,-2.856521):(0.5,1.0)
r_arm1:17:(-1.7,-17.5,-2.0):(-2.375406,-17.530640,-2.736810):(0.0,0.0)
r_arm1:18:(0.7,-17.5,-2.0):(1.225110,-17.540945,-2.850049):(0.0,0.0)
r_arm2:1:(-1.5,-2.2,-2.0):(-2.007889,-2.108231,-2.856521):(0.5,0.0)
r_arm2:0:(-2.5,-0.5,0.0):(-3.496609,-0.429744,0.042821):(1.0,0.0)
r_arm1:16:(-2.9,-17.5,0.0):(-3.899923,-17.512497,0.000000):(0.0,0.0)
r_arm2:4:(-1.0,0.5,2.0):(-1.459424,0.541766,2.887235):(0.0,0.0)
r_arm1:20:(-1.7,-17.5,2.0):(-2.375406,-17.530636,2.736810):(0.0,0.0)
r_arm2:5:(1.0,0.5,2.0):(1.459424,0.541766,2.887235):(0.0,0.0)
r_arm1:21:(0.7,-17.5,2.0):(1.225110,-17.540941,2.850049):(0.0,0.0)
r_arm2:3:(2.5,-0.5,0.0):(3.496609,-0.429744,0.042821):(1.0,1.0)
r_arm1:19:(1.7,-17.5,0.0):(2.699047,-17.543650,0.000000):(0.0,0.0)
r_arm2:2:(1.5,-2.2,-2.0):(2.007889,-2.108231,-2.856521):(0.5,1.0)
Material:
(255,255,255,255)::
(255,225,200,255)::
FaceArray:
0,1,2:1
0,2,3:1
3,2,4:1
5,3,4:1
4,6,5:1
5,6,7:1
7,6,8:1
8,9,7:1
8,10,9:1
9,10,11:1
11,10,1:1
1,0,11:1
12,13,14:1
15,12,14:1
16,12,15:1
16,15,17:1
17,18,16:1
19,18,17:1
20,18,19:1
19,21,20:1
21,22,20:1
23,22,21:1
13,22,23:1
23,14,13:1
</>

<l_hand>
l_hand:::female.l_hand
DynamicVisual:
l_arm2:15:(-1.5,-17.0,0.0):(-2.496372,-17.085054,0.002930):(0.0,0.0)
l_hand:3:(-1.3,-1.5,-1.9):(-1.712043,-1.274431,-2.773237):(0.0,0.0)
l_hand:2:(-1.3,-1.5,1.9):(-1.822109,-1.665472,2.703516):(0.0,0.0)
l_arm2:14:(-1.0,-17.0,-1.3):(-1.564051,-17.091887,-2.120612):(0.0,0.0)
l_hand:0:(1.2,-1.0,-1.9):(1.505838,-0.931104,-2.807517):(0.0,0.0)
l_arm2:13:(1.0,-17.0,-1.3):(1.564051,-17.091887,-2.120612):(0.0,0.0)
l_arm2:12:(1.5,-17.0,0.0):(2.496373,-17.085054,0.002930):(0.0,0.0)
l_hand:1:(1.2,-1.0,1.9):(1.870189,-0.977472,2.576452):(0.0,0.0)
l_arm2:16:(1.0,-17.0,1.5):(1.583572,-17.058065,2.309983):(0.0,0.0)
l_arm2:17:(-1.0,-17.0,1.5):(-1.583572,-17.058065,2.309983):(0.0,0.0)
Material:
(255,225,200,255)::
FaceArray:
0,1,2:0
0,3,1:0
3,4,1:0
3,5,4:0
5,6,4:0
6,7,4:0
6,8,7:0
8,9,7:0
9,2,7:0
9,0,2:0
</>

<r_hand>
r_hand:::female.r_hand
DynamicVisual:
r_hand:2:(1.3,-1.5,1.9):(1.827233,-1.658497,2.701661):(0.0,0.0)
r_hand:3:(1.3,-1.5,-1.9):(1.702502,-1.263461,-2.775663):(0.0,0.0)
r_arm2:15:(1.5,-17.0,0.0):(2.496372,-17.085054,0.002930):(0.0,0.0)
r_arm2:14:(1.0,-17.0,-1.3):(1.564051,-17.091887,-2.120612):(0.0,0.0)
r_hand:0:(-1.2,-1.0,-1.9):(-1.505838,-0.931103,-2.807517):(0.0,0.0)
r_arm2:13:(-1.0,-17.0,-1.3):(-1.564051,-17.091887,-2.120612):(0.0,0.0)
r_arm2:12:(-1.5,-17.0,0.0):(-2.496373,-17.085054,0.002930):(0.0,0.0)
r_hand:1:(-1.2,-1.0,1.9):(-1.870188,-0.977472,2.576452):(0.0,0.0)
r_arm2:16:(-1.0,-17.0,1.5):(-1.583572,-17.058065,2.309983):(0.0,0.0)
r_arm2:17:(1.0,-17.0,1.5):(1.583572,-17.058065,2.309983):(0.0,0.0)
Material:
(255,225,200,255)::
FaceArray:
0,1,2:0
1,3,2:0
1,4,3:0
4,5,3:0
4,6,5:0
4,7,6:0
7,8,6:0
7,9,8:0
7,0,9:0
0,2,9:0
</>

<l_handG>
l_hand:::female.l_hand_g
DynamicVisual:
l_arm2:15:(-1.5,-17.0,0.0):(-2.496372,-17.085054,0.002930):(0.0,0.0)
l_hand:3:(-1.3,-1.5,-1.9):(-1.631939,-0.740242,-2.484693):(0.0,0.0)
l_hand:2:(-1.3,-1.5,1.9):(-1.942216,-1.620940,2.616157):(0.0,0.0)
l_arm2:14:(-1.0,-17.0,-1.3):(-1.564051,-17.091887,-2.120612):(0.0,0.0)
l_hand:0:(1.2,-1.0,-1.9):(1.491393,-0.757598,-2.785956):(0.0,0.0)
l_arm2:13:(1.0,-17.0,-1.3):(1.564051,-17.091887,-2.120612):(0.0,0.0)
l_arm2:12:(1.5,-17.0,0.0):(2.496373,-17.085054,0.002930):(0.0,0.0)
l_hand:1:(1.2,-1.0,1.9):(1.853583,-0.814058,2.571657):(0.0,0.0)
l_arm2:16:(1.0,-17.0,1.5):(1.583572,-17.058065,2.309983):(0.0,0.0)
l_arm2:17:(-1.0,-17.0,1.5):(-1.583572,-17.058065,2.309983):(0.0,0.0)
Material:
(255,225,200,255)::
FaceArray:
0,1,2:0
0,3,1:0
3,4,1:0
3,5,4:0
5,6,4:0
6,7,4:0
6,8,7:0
8,9,7:0
9,2,7:0
9,0,2:0
</>

<r_handG>
r_hand:::female.r_hand_g
DynamicVisual:
r_hand:2:(1.3,-1.5,1.9):(1.942216,-1.620941,2.616157):(0.5,1.0)
r_hand:3:(1.3,-1.5,-1.9):(1.631941,-0.740243,-2.484692):(1.0,1.0)
r_arm2:15:(1.5,-17.0,0.0):(2.496372,-17.085054,0.002930):(0.0,0.0)
r_arm2:14:(1.0,-17.0,-1.3):(1.564051,-17.091887,-2.120612):(0.0,0.0)
r_hand:0:(-1.2,-1.0,-1.9):(-1.491392,-0.757598,-2.785957):(1.0,0.0)
r_arm2:13:(-1.0,-17.0,-1.3):(-1.564051,-17.091887,-2.120612):(0.0,0.0)
r_arm2:12:(-1.5,-17.0,0.0):(-2.496373,-17.085054,0.002930):(0.0,0.0)
r_hand:1:(-1.2,-1.0,1.9):(-1.853582,-0.814057,2.571658):(0.5,0.0)
r_arm2:16:(-1.0,-17.0,1.5):(-1.583572,-17.058065,2.309983):(0.0,0.0)
r_arm2:17:(1.0,-17.0,1.5):(1.583572,-17.058065,2.309983):(0.0,0.0)
Material:
(255,225,200,255)::
FaceArray:
0,1,2:0
1,3,2:0
1,4,3:0
4,5,3:0
4,6,5:0
4,7,6:0
7,8,6:0
7,9,8:0
7,0,9:0
0,2,9:0
</>
