<frame>
class:human.female
body::(0.0,0.0,0.0):(0.0,0.0,0.0):HPb:(1.1,1.07,1.1)
head:body:(0.0,31.0,1.0):(0.0,0.0,0.0):HPb:
l_breast:body:(4.5,13.0,-5.5):(0.0,0.0,0.0):---:(1.0,1.0,0.8)
r_breast:body:(-4.5,13.0,-5.5):(0.0,0.0,0.0):---:(1.0,1.0,0.8)
l_arm1:body:(9.0,19.0,1.5):(0.0,0.0,0.0):bPh:(1.1,1.07,1.1)
l_arm2:l_arm1:(0.5,-19.0,0.2):(0.0,0.0,0.0):HPB:(1.1,1.07,1.1)
l_hand:l_arm2:(0.0,-18.0,0.2):(0.0,0.0,0.0):Hbp:(1.1,1.1,1.1)
r_arm1:body:(-9.0,19.0,1.5):(0.0,0.0,0.0):bPh:(1.1,1.07,1.1)
r_arm2:r_arm1:(-0.5,-19.0,0.2):(0.0,0.0,0.0):HPB:(1.1,1.07,1.1)
r_hand:r_arm2:(0.0,-18.0,0.2):(0.0,0.0,0.0):Hbp:(1.1,1.1,1.1)
waist:body:(0.0,0.0,0.0):(0.0,0.0,0.0):HPB:(1.1,1.07,1.1)
l_leg1:waist:(3.5,-14.5,0.0):(0.0,0.0,0.0):bPh:(1.1,1.08,1.1)
l_leg2:l_leg1:(1.5,-35.5,1.5):(0.0,0.0,0.0):bPh:(1.1,1.08,1.1)
l_foot:l_leg2:(-0.5,-38.0,0.5):(0.0,0.0,0.0):HPB:(1.1,1.1,1.1)
r_leg1:waist:(-3.5,-14.5,0.0):(0.0,0.0,0.0):bPh:(1.1,1.08,1.1)
r_leg2:r_leg1:(-1.5,-35.5,1.5):(0.0,0.0,0.0):bPh:(1.1,1.08,1.1)
r_foot:r_leg2:(0.5,-38.0,0.5):(0.0,0.0,0.0):HPB:(1.1,1.1,1.1)
</>

<skin>
1,0,0,0,0,0,0:hisui.head
0,1,0,0,0,0,0:female.body
0,0,1,0,0,0,0:female.arms
0,0,0,2,0,0,0:female.l_hand
0,0,0,1,0,0,0:female.r_hand
0,0,0,0,1,0,0:female.waist
0,0,0,0,0,1,0:female.legs
0,0,0,0,0,0,1:female.foots
</>

<defaultcos>
hisui.katjusha
hisui.maid
hisui.shoesA
</>

<katjusha>
class:human.
8,0,0,0,0,0,0:hisui.katjusha_vp
</>

<maid>
class:human.female
0,3,3,0,2,0,0:hisui.maid_vp
</>

<shoesA>
class:human.
0,0,0,0,1,1,3:hisui.shoesA_vp
</>

<head>
head:hisui.head
</>

<katjusha_vp>
head:hisui.katjusha
</>

<maid_vp>
body:hisui.maid
l_breast:hisui.maid_lb
r_breast:hisui.maid_rb
l_arm1:hisui.l_maid1
l_arm2:hisui.l_maid2
r_arm1:hisui.r_maid1
r_arm2:hisui.r_maid2
waist:hisui.maid2
skirt_f:waist:(0.0,-12.0,-3.0):hisui.maid_f
skirt_f2:skirt_f:(0.0,-35.0,-8.0):hisui.maid_f2
skirt_r:waist:(0.0,-20.0,10.0):hisui.maid_r
skirt_r2:skirt_r:(0.0,-35.0,5.0):hisui.maid_r2
DynamicVisual:
r_breast:18:(-2.3,2.8,-1.1):(-2.712632,3.340148,-1.770143):(0.0,0.0)
body:38:(-8.5,15.7,-4.5):(-9.506444,15.889772,-4.608422):(0.0,0.0)
body:62:(-7.0,17.6,-4.9):(-7.576847,18.076202,-5.486877):(0.0,0.0)
r_breast:16:(-3.7,1.3,-0.8):(-4.483250,1.665040,-1.309649):(0.0,0.0)
r_breast:6:(-4.4,-0.5,1.3):(-5.423798,-0.500932,1.156470):(0.0,0.0)
body:37:(-8.6,12.5,-2.8):(-9.556829,12.401334,-2.643140):(0.0,0.0)
r_breast:7:(-3.8,-2.7,1.2):(-4.686873,-3.263321,1.051189):(0.0,0.0)
body:39:(-8.1,10.3,-3.0):(-9.108884,10.170336,-2.967255):(0.0,0.0)
body:115:(-7.5,8.0,-4.2):(-8.298999,7.751023,-4.651572):(0.0,0.0)
r_breast:10:(-2.3,-3.8,-1.1):(-2.818155,-4.494847,-1.491352):(0.0,0.0)
body:116:(-4.8,5.0,-5.7):(-5.040478,4.811171,-6.594244):(0.0,0.0)
r_breast:12:(-0.6,-3.1,-3.0):(-0.843032,-3.697541,-3.850239):(0.0,0.0)
body:118:(-2.0,5.0,-5.4):(-1.917534,4.951634,-6.347523):(0.0,0.0)
r_breast:15:(0.5,-2.8,-3.2):(0.589525,-3.209072,-4.164502):(0.0,0.0)
r_breast:37:(3.0,-2.0,-2.9):(3.339055,-2.153851,-3.810645):(0.0,0.0)
r_breast:20:(-0.3,3.3,-1.4):(-0.471190,3.942954,-2.172250):(0.0,0.0)
body:61:(-4.6,18.2,-5.6):(-4.684382,18.632252,-6.444621):(0.0,0.0)
body:58:(-1.9,17.0,-6.1):(-1.890887,17.441488,-6.947131):(0.0,0.0)
r_breast:24:(1.6,2.8,-1.8):(1.772785,3.322243,-2.573288):(0.0,0.0)
body:59:(0.0,16.5,-6.5):(-0.000000,17.258383,-7.101909):(0.0,0.0)
r_breast:22:(3.0,1.3,-2.3):(3.362861,1.628520,-3.189006):(0.0,0.0)
body:199:(-4.7,18.2,-5.9):(-5.491796,18.770405,-5.850096):(0.0,0.0)
body:200:(-4.7,18.2,-6.2):(-5.115036,18.880390,-6.732679):(0.0,0.0)
r_breast:35:(-1.9,3.1,-1.3):(-2.727916,3.614509,-1.250097):(0.0,0.0)
r_breast:36:(-1.9,3.1,-1.6):(-2.358996,3.753891,-2.127795):(0.0,0.0)
r_breast:26:(-0.4,3.4,-1.9):(-0.486538,3.950957,-2.676518):(0.0,0.0)
body:201:(-2.0,17.1,-6.7):(-1.191795,17.211821,-7.267533):(0.0,0.0)
r_breast:27:(1.8,2.8,-2.2):(2.307729,3.196794,-2.933630):(0.0,0.0)
r_breast:28:(1.8,2.8,-1.9):(2.748717,2.406085,-1.850097):(0.0,0.0)
body:202:(-2.0,17.1,-6.4):(-1.015141,16.804321,-6.350096):(0.0,0.0)
r_arm1:9:(-3.0,3.0,-1.0):(-3.525520,3.788282,-1.320061):(0.0,0.0)
body:26:(-8.5,22.5,4.0):(-9.467958,22.549635,4.000275):(0.0,0.0)
body:25:(-8.5,22.5,0.0):(-9.468705,22.541456,0.091356):(0.0,0.0)
r_arm1:12:(-2.5,1.5,-3.0):(-2.865469,2.007222,-3.780485):(0.0,0.0)
body:23:(-9.0,18.5,-2.0):(-9.853800,18.656363,-2.391905):(0.0,0.0)
r_arm1:14:(0.0,-1.0,-4.0):(0.320411,-0.711676,-4.902333):(0.0,0.0)
r_arm1:15:(1.5,-4.5,-2.5):(2.393473,-4.451117,-2.946450):(0.0,0.0)
body:20:(-8.5,15.0,-1.0):(-9.467459,14.923175,-0.946727):(0.0,0.0)
r_arm1:23:(2.3,-5.0,0.0):(3.300000,-4.999999,0.000000):(0.5,1.0)
body:22:(-8.5,15.0,3.0):(-9.267939,14.737062,3.592882):(0.0,0.0)
r_arm1:47:(1.5,-4.5,2.5):(2.393473,-4.451117,2.946450):(0.0,0.0)
r_arm1:46:(0.0,-1.0,4.0):(0.320411,-0.711676,4.902333):(0.0,0.0)
body:24:(-9.0,17.5,4.0):(-9.816647,17.410192,4.575108):(0.0,0.0)
r_arm1:44:(-2.5,1.5,3.0):(-2.865469,2.007222,3.780485):(0.0,0.0)
r_arm1:10:(-3.0,3.0,1.0):(-3.525520,3.788282,1.320061):(0.0,0.0)
r_arm1:2:(-1.9,-17.5,-2.2):(-2.588902,-17.553106,-2.922907):(0.5,1.0)
r_arm2:30:(-1.5,-2.2,-2.0):(-1.223034,-1.257028,-2.184645):(0.0,0.0)
r_arm2:0:(-2.7,-0.5,0.0):(-3.655823,-0.219764,-0.088709):(1.0,0.0)
r_arm1:1:(-3.1,-17.5,0.0):(-4.099497,-17.531729,0.000000):(0.5,0.0)
r_arm2:4:(-1.5,0.5,2.0):(-2.000285,0.556009,2.864048):(0.0,0.0)
r_arm1:41:(-1.9,-17.5,2.2):(-2.588902,-17.553106,2.922907):(0.0,0.0)
r_arm2:5:(1.5,0.5,2.0):(2.000285,0.556009,2.864048):(0.0,0.0)
r_arm1:42:(0.9,-17.5,2.2):(1.258408,-17.556772,3.131838):(0.0,0.0)
l_breast:22:(-3.0,1.3,-2.3):(-3.362861,1.628520,-3.189005):(0.0,0.0)
l_breast:37:(-3.0,-2.0,-2.9):(-3.339055,-2.153851,-3.810646):(1.0,0.0)
body:123:(2.0,5.0,-5.4):(1.917534,4.951634,-6.347523):(0.0,0.0)
body:117:(-4.8,4.0,-5.5):(-5.142932,3.814126,-6.359322):(0.0,0.0)
body:122:(4.8,4.0,-5.5):(5.142932,3.814126,-6.359322):(0.0,0.0)
waist:23:(-5.0,-1.0,-5.7):(-4.970429,-2.000000,-5.650095):(0.0,0.0)
waist:21:(5.0,-1.0,-5.7):(4.970429,-2.000000,-5.650095):(0.0,0.0)
body:21:(-7.8,4.0,0.0):(-8.753093,3.815499,0.031836):(0.0,0.0)
waist:24:(-8.0,-1.0,0.0):(-7.970428,-2.000000,0.049905):(0.0,0.0)
body:8:(-4.8,4.0,5.0):(-5.281186,3.898221,5.903582):(0.0,0.0)
waist:22:(-5.0,-1.0,5.1):(-4.970427,-2.000000,5.149904):(0.0,0.0)
body:1:(4.8,4.0,5.0):(5.281192,3.898217,5.903578):(0.5,0.0)
waist:20:(5.0,-1.0,5.1):(4.970427,-2.000000,5.149904):(0.0,0.0)
skirt_f:0:(0.0,-8.0,-6.5):(0.000000,-7.938370,-7.538708):(1.0,0.0)
waist:30:(-5.5,-7.0,-7.5):(-6.130191,-6.667018,-8.219430):(0.0,0.0)
waist:31:(5.5,-7.0,-7.5):(6.130191,-6.667018,-8.219430):(0.0,0.0)
skirt_f:1:(-8.0,-8.0,-5.0):(-8.447945,-7.900041,-5.921103):(0.5,0.0)
waist:36:(-10.8,-9.0,-0.0):(-11.679786,-8.614823,0.144241):(0.0,0.0)
skirt_f:2:(-13.5,-15.0,4.0):(-14.467835,-14.862005,4.065149):(0.5,1.0)
waist:37:(-10.1,-11.0,2.5):(-10.571971,-11.028259,3.332110):(0.0,0.0)
waist:41:(-9.7,-11.0,2.5):(-9.687096,-11.374754,3.394373):(0.0,0.0)
skirt_f:13:(-12.8,-15.0,4.0):(-12.787092,-15.025000,4.957533):(0.0,0.0)
skirt_f:15:(-13.0,-15.0,4.0):(-13.837579,-14.897427,3.447240):(0.0,0.0)
waist:1:(-8.0,-16.0,8.5):(-8.493732,-15.699073,9.255709):(0.5,0.0)
waist:40:(-9.8,-11.0,2.4):(-10.591126,-10.703919,2.857967):(0.0,0.0)
skirt_r:1:(-8.5,-4.0,-0.0):(-8.645517,-3.836445,0.926732):(0.5,0.0)
skirt_f:14:(-14.5,-25.0,4.0):(-15.337581,-24.897427,3.447240):(0.0,0.0)
skirt_r:3:(-10.0,-20.0,3.0):(-10.130903,-19.901842,3.939442):(1.0,1.0)
skirt_f:5:(0.0,-31.0,-8.5):(0.000000,-30.936018,-9.538502):(0.0,0.0)
skirt_f2:107:(0.0,-2.0,-1.3):(0.000000,-1.952900,-2.339867):(0.0,0.0)
skirt_f:3:(-11.5,-31.0,-6.5):(-12.221976,-30.879978,-7.204982):(1.0,1.0)
skirt_f2:106:(-12.5,-3.5,0.4):(-13.081700,-3.442351,-0.442233):(0.0,0.0)
skirt_f:4:(-15.0,-25.0,4.0):(-15.809414,-24.901651,4.513033):(0.0,0.0)
skirt_f2:110:(-18.5,-10.0,12.0):(-19.156872,-10.699967,11.647969):(0.0,0.0)
skirt_f2:4:(-18.0,-10.0,12.0):(-18.881523,-10.025002,11.510319):(0.0,0.0)
skirt_r:4:(-10.8,-32.0,4.0):(-10.924251,-31.933664,4.943860):(0.0,0.0)
skirt_r2:8:(-11.3,-3.0,-0.5):(-11.414667,-2.948182,0.446380):(0.0,0.0)
skirt_f2:11:(-18.0,-18.0,12.0):(-18.619553,-18.732109,11.641305):(0.0,0.0)
skirt_r2:1:(-12.0,-10.0,-0.0):(-12.078464,-10.702126,0.687705):(0.5,0.0)
waist:0:(0.0,-16.0,9.5):(0.000000,-15.735351,10.414667):(1.0,0.0)
skirt_r:0:(0.0,-4.0,1.5):(0.000000,-3.840711,2.440405):(1.0,0.0)
waist:19:(4.0,-5.0,-4.5):(3.704951,-5.965752,-4.354371):(0.0,0.0)
waist:2:(-4.0,-5.0,-4.5):(-3.704951,-5.965752,-4.354371):(0.5,1.0)
skirt_f:11:(6.0,-8.0,-3.5):(5.513964,-8.184252,-2.683162):(0.0,0.0)
skirt_f:7:(-6.0,-8.0,-3.5):(-5.513964,-8.184252,-2.683162):(0.0,0.0)
waist:8:(-9.5,-9.0,-0.0):(-8.656340,-9.528296,-0.280245):(0.0,0.0)
skirt_f:9:(-12.0,-15.0,4.0):(-11.107429,-15.167446,4.385347):(0.0,0.0)
waist:7:(-7.0,-16.0,8.0):(-6.598674,-16.431627,7.130621):(0.0,0.0)
skirt_r:6:(-7.0,-5.0,-0.5):(-6.987094,-5.189400,-1.528861):(0.0,0.0)
skirt_r:7:(7.0,-5.0,-0.5):(6.987094,-5.189400,-1.528861):(0.0,0.0)
waist:6:(7.0,-16.0,8.0):(6.598674,-16.431627,7.130621):(0.0,0.0)
skirt_f:8:(-13.0,-25.0,4.0):(-12.068952,-25.118107,4.310349):(0.0,0.0)
skirt_r:5:(-10.0,-20.0,2.0):(-9.987093,-20.148829,0.965227):(0.0,0.0)
skirt_f:10:(10.0,-31.0,-5.5):(9.314026,-31.167925,-4.829018):(0.0,0.0)
skirt_f:6:(-10.0,-31.0,-5.5):(-9.314030,-31.167925,-4.829018):(0.0,0.0)
skirt_f2:7:(11.5,-3.4,1.7):(11.081213,-3.492073,2.563133):(0.0,0.0)
skirt_f2:2:(-11.5,-3.4,1.7):(-11.081213,-3.492073,2.563133):(0.5,1.0)
skirt_f2:6:(-16.5,-11.0,12.0):(-15.592090,-11.017449,12.403525):(0.0,0.0)
skirt_r2:9:(-10.1,-3.0,-1.3):(-10.041989,-3.212331,-2.323730):(0.0,0.0)
skirt_r2:3:(-11.0,-10.0,-0.5):(-10.927122,-10.774833,-1.201375):(1.0,1.0)
skirt_f2:13:(-16.5,-18.0,12.0):(-15.854639,-18.732109,12.273761):(0.0,0.0)
skirt_r:13:(-9.8,-32.0,3.0):(-9.787096,-32.108047,1.960985):(0.0,0.0)
skirt_r:12:(9.8,-32.0,3.0):(9.787096,-32.108047,1.960985):(0.0,0.0)
skirt_r2:10:(10.1,-3.0,-1.3):(10.041989,-3.212331,-2.323730):(0.0,0.0)
skirt_r:10:(0.0,-32.0,5.5):(0.000000,-31.937370,6.453685):(0.0,0.0)
skirt_r2:7:(0.0,-3.0,1.0):(0.000000,-2.953754,1.954991):(0.0,0.0)
skirt_f:12:(-14.3,-25.0,4.0):(-14.287094,-25.025000,4.957533):(0.0,0.0)
skirt_f2:111:(-17.5,-10.0,12.0):(-17.487099,-11.025000,11.957527):(0.0,0.0)
r_arm1:3:(0.9,-17.5,-2.2):(1.258408,-17.556772,-3.131838):(1.0,1.0)
r_arm2:31:(1.5,-2.2,-2.0):(1.223034,-1.257028,-2.184645):(0.0,0.0)
r_arm1:4:(1.9,-17.5,0.0):(2.898650,-17.551949,0.000000):(0.0,0.0)
r_arm2:3:(2.7,-0.5,0.0):(3.655823,-0.219764,-0.088709):(1.0,1.0)
body:247:(7.0,17.6,-4.9):(7.576847,18.076202,-5.486877):(0.0,0.0)
body:226:(8.5,15.7,-4.5):(9.506444,15.889772,-4.608422):(0.0,0.0)
l_breast:18:(2.3,2.8,-1.1):(2.712632,3.340148,-1.770143):(0.0,0.0)
l_breast:16:(3.7,1.3,-0.8):(4.483250,1.665040,-1.309649):(0.0,0.0)
l_breast:6:(4.4,-0.5,1.3):(5.423798,-0.500932,1.156470):(0.0,0.0)
body:225:(8.6,12.5,-2.8):(9.556829,12.401334,-2.643140):(0.0,0.0)
l_breast:7:(3.8,-2.7,1.2):(4.686872,-3.263320,1.051189):(0.0,0.0)
body:227:(8.1,10.3,-3.0):(9.108884,10.170336,-2.967255):(0.0,0.0)
body:295:(7.5,8.0,-4.2):(8.298999,7.751023,-4.651572):(0.0,0.0)
l_breast:10:(2.3,-3.8,-1.1):(2.822078,-4.500946,-1.474858):(0.0,0.0)
body:296:(4.8,5.0,-5.7):(5.040478,4.811171,-6.594244):(0.0,0.0)
l_breast:12:(0.6,-3.1,-3.0):(0.843032,-3.697541,-3.850239):(0.0,0.0)
l_breast:15:(-0.5,-2.8,-3.2):(-0.589525,-3.209072,-4.164502):(0.0,0.0)
l_breast:20:(0.3,3.3,-1.4):(0.471189,3.942954,-2.172249):(0.0,0.0)
body:246:(4.6,18.2,-5.6):(4.684382,18.632252,-6.444621):(0.0,0.0)
body:244:(1.9,17.0,-6.1):(1.890887,17.441488,-6.947131):(0.0,0.0)
l_breast:24:(-1.6,2.8,-1.8):(-1.772785,3.322243,-2.573288):(0.0,0.0)
l_breast:35:(1.9,3.1,-1.3):(2.727916,3.614510,-1.250097):(0.5,1.0)
body:341:(4.7,18.2,-6.2):(5.167054,18.869520,-6.702467):(0.0,0.0)
body:340:(4.7,18.2,-5.9):(5.491796,18.770405,-5.850096):(0.0,0.0)
l_breast:36:(1.9,3.1,-1.6):(2.358996,3.753891,-2.127795):(0.0,0.0)
l_breast:26:(0.4,3.4,-1.9):(0.486537,3.950957,-2.676518):(0.0,0.0)
body:342:(2.0,17.1,-6.7):(1.227255,17.243431,-7.303643):(0.0,0.0)
l_breast:27:(-1.8,2.8,-2.2):(-2.307729,3.196794,-2.933630):(0.0,0.0)
l_breast:28:(-1.8,2.8,-1.9):(-2.748717,2.406085,-1.850097):(0.0,0.0)
body:343:(2.0,17.1,-6.4):(1.015141,16.804321,-6.350096):(0.0,0.0)
body:213:(8.5,22.5,0.0):(9.468705,22.541456,0.091356):(0.0,0.0)
body:214:(8.5,22.5,4.0):(9.467958,22.549635,4.000275):(0.0,0.0)
l_arm1:9:(3.0,3.0,-1.0):(3.525521,3.788282,-1.320061):(0.0,0.0)
l_arm1:12:(2.5,1.5,-3.0):(2.865470,2.007222,-3.780485):(0.0,0.0)
body:211:(9.0,18.5,-2.0):(9.853800,18.656363,-2.391905):(0.0,0.0)
l_arm1:14:(0.0,-1.0,-4.0):(-0.320411,-0.711675,-4.902332):(0.0,0.0)
l_arm1:15:(-1.5,-4.5,-2.5):(-2.393472,-4.451116,-2.946450):(0.0,0.0)
body:208:(8.5,15.0,-1.0):(9.467459,14.923175,-0.946727):(0.0,0.0)
l_arm1:23:(-2.3,-5.0,0.0):(-3.300000,-4.999999,0.000000):(0.5,0.0)
body:210:(8.5,15.0,3.0):(9.267939,14.737062,3.592882):(0.0,0.0)
l_arm1:47:(-1.5,-4.5,2.5):(-2.393472,-4.451116,2.946450):(0.0,0.0)
l_arm1:46:(0.0,-1.0,4.0):(-0.320411,-0.711675,4.902332):(0.0,0.0)
body:212:(9.0,17.5,4.0):(9.816949,17.397877,4.572364):(0.0,0.0)
l_arm1:44:(2.5,1.5,3.0):(2.865470,2.007222,3.780485):(0.5,0.0)
l_arm1:10:(3.0,3.0,1.0):(3.525521,3.788282,1.320061):(0.0,0.0)
l_arm1:2:(1.9,-17.5,-2.2):(2.588902,-17.553106,-2.922907):(0.5,1.0)
l_arm2:0:(2.7,-0.5,0.0):(3.655824,-0.219764,-0.088709):(1.0,0.0)
l_arm2:30:(1.5,-2.2,-2.0):(1.223035,-1.257028,-2.184645):(0.0,0.0)
l_arm1:1:(3.1,-17.5,0.0):(4.099497,-17.531729,0.000000):(0.5,0.0)
l_arm2:4:(1.5,0.5,2.0):(2.000285,0.556009,2.864048):(0.0,0.0)
l_arm1:41:(1.9,-17.5,2.2):(2.588902,-17.553106,2.922907):(0.0,0.0)
l_arm2:5:(-1.5,0.5,2.0):(-2.000285,0.556009,2.864048):(0.0,0.0)
l_arm1:42:(-0.9,-17.5,2.2):(-1.258407,-17.556772,3.131838):(0.0,0.0)
waist:101:(8.0,-1.0,0.0):(7.970428,-2.000000,0.049905):(0.0,0.0)
body:209:(7.8,4.0,0.0):(8.753093,3.815499,0.031836):(0.0,0.0)
skirt_f:18:(8.0,-8.0,-5.0):(8.447945,-7.900041,-5.921103):(0.0,0.0)
waist:104:(10.8,-9.0,-0.0):(11.679786,-8.614823,0.144241):(0.0,0.0)
skirt_f:19:(13.5,-15.0,4.0):(14.467835,-14.862005,4.065149):(0.0,0.0)
waist:105:(10.1,-11.0,2.5):(10.571971,-11.028259,3.332110):(0.0,0.0)
skirt_f:25:(12.8,-15.0,4.0):(12.787092,-15.025000,4.957533):(0.0,0.0)
waist:108:(9.7,-11.0,2.5):(9.687096,-11.374754,3.394373):(0.0,0.0)
waist:107:(9.8,-11.0,2.4):(10.591126,-10.703919,2.857967):(0.0,0.0)
waist:96:(8.0,-16.0,8.5):(8.493732,-15.699073,9.255709):(0.0,0.0)
skirt_f:27:(13.0,-15.0,4.0):(13.837579,-14.897427,3.447240):(0.0,0.0)
skirt_r:8:(8.5,-4.0,-0.0):(8.645517,-3.836445,0.926732):(0.0,0.0)
skirt_f:26:(14.5,-25.0,4.0):(15.337581,-24.897427,3.447240):(0.0,0.0)
skirt_r:9:(10.0,-20.0,3.0):(10.130903,-19.901842,3.939442):(0.0,0.0)
skirt_f:20:(11.5,-31.0,-6.5):(12.221972,-30.879978,-7.204982):(0.0,0.0)
skirt_f2:204:(12.5,-3.5,0.4):(13.081700,-3.442351,-0.442233):(0.0,0.0)
skirt_f:21:(15.0,-25.0,4.0):(15.809414,-24.901651,4.513033):(0.0,0.0)
skirt_f2:206:(18.5,-10.0,12.0):(19.156872,-10.699967,11.647969):(0.0,0.0)
skirt_r:11:(10.8,-32.0,4.0):(10.924251,-31.933664,4.943860):(0.0,0.0)
skirt_f2:115:(18.0,-10.0,12.0):(18.881523,-10.025002,11.510319):(0.0,0.0)
skirt_r2:6:(11.3,-3.0,-0.5):(11.414667,-2.948182,0.446380):(0.0,0.0)
skirt_f2:119:(18.0,-18.0,12.0):(18.619553,-18.732109,11.641305):(0.0,0.0)
skirt_r2:4:(12.0,-10.0,-0.0):(12.078464,-10.702126,0.687705):(0.0,0.0)
waist:98:(9.5,-9.0,-0.0):(8.656340,-9.528296,-0.280245):(0.0,0.0)
skirt_f:23:(12.0,-15.0,4.0):(11.107430,-15.167446,4.385347):(0.0,0.0)
skirt_f:22:(13.0,-25.0,4.0):(12.068952,-25.118107,4.310349):(0.0,0.0)
skirt_r:14:(10.0,-20.0,2.0):(9.987093,-20.148829,0.965227):(0.0,0.0)
skirt_f2:117:(16.5,-11.0,12.0):(15.592090,-11.017449,12.403525):(0.0,0.0)
skirt_r2:5:(11.0,-10.0,-0.5):(10.927122,-10.774833,-1.201375):(0.0,0.0)
skirt_f2:121:(16.5,-18.0,12.0):(15.854639,-18.732109,12.273761):(0.0,0.0)
skirt_f2:207:(17.5,-10.0,12.0):(17.487099,-11.025000,11.957527):(0.0,0.0)
skirt_f:24:(14.3,-25.0,4.0):(14.287094,-25.025000,4.957533):(0.0,0.0)
l_arm1:3:(-0.9,-17.5,-2.2):(-1.258407,-17.556772,-3.131838):(1.0,1.0)
l_arm2:31:(-1.5,-2.2,-2.0):(-1.223035,-1.257028,-2.184645):(0.0,0.0)
l_arm1:4:(-1.9,-17.5,0.0):(-2.898649,-17.551949,0.000000):(0.0,0.0)
l_arm2:3:(-2.7,-0.5,0.0):(-3.655824,-0.219764,-0.088709):(1.0,1.0)
Material:
(240,240,255,255)::
(200,16,48,255)::
(110,72,72,255)::
(160,90,100,255)::
FaceArray:
0,1,2:0
1,0,3:0
3,4,1:0
4,5,1:0
4,6,5:0
5,6,7:0
6,8,7:0
6,9,8:0
9,10,8:0
9,11,10:0
11,12,10:0
13,12,11:0
13,14,12:0
15,0,2:0
2,16,15:0
15,16,17:0
17,18,15:0
18,17,19:0
18,19,20:0
21,22,23:1
23,22,24:1
24,22,25:1
25,22,26:1
25,26,27:1
27,26,28:1
28,26,29:1
30,31,32:2
30,32,33:2
33,32,34:2
35,33,34:2
35,34,36:2
36,34,37:2
36,37,38:2
38,37,39:2
38,39,40:2
40,39,41:2
41,39,42:2
41,42,31:2
43,41,31:2
43,31,44:2
44,31,30:2
46,47,45:2
47,48,45:2
47,49,48:2
49,50,48:2
50,49,51:2
51,52,50:2
20,19,53:0
20,53,14:0
53,54,14:0
14,54,12:0
12,54,55:0
56,57,58:0
58,57,59:0
60,56,61:0
61,56,58:0
62,60,61:0
61,63,62:0
64,62,65:0
65,62,63:0
66,67,68:0
66,69,67:0
69,70,67:0
69,71,70:0
71,72,70:0
73,72,74:0
74,72,71:0
75,76,77:2
76,75,78:2
78,75,79:2
79,80,78:2
81,82,83:0
83,82,84:0
84,85,83:0
84,86,85:0
87,88,79:2
79,88,80:2
87,89,88:2
89,87,90:2
90,91,89:2
92,76,93:2
76,78,93:2
94,95,96:3
95,97,96:3
95,98,97:3
98,99,97:3
98,100,99:3
100,101,99:3
100,102,101:3
100,103,102:3
99,101,104:3
104,101,105:3
106,107,108:3
107,109,108:3
107,104,109:3
104,110,109:3
110,111,112:3
110,112,113:3
113,112,91:2
113,91,90:2
105,114,104:3
104,114,110:3
114,111,110:3
114,115,116:3
116,111,114:3
117,88,118:2
88,89,118:2
119,85,120:0
85,86,120:0
45,121,46:2
121,122,46:2
121,123,122:2
123,124,122:2
123,52,124:2
52,51,124:2
125,126,127:0
128,127,126:0
126,129,128:0
126,130,129:0
130,131,129:0
132,131,130:0
132,133,131:0
133,134,131:0
133,135,134:0
135,136,134:0
135,55,136:0
136,55,137:0
55,54,137:0
125,127,138:0
138,139,125:0
140,139,138:0
138,141,140:0
19,140,141:0
53,19,141:0
142,143,144:1
145,143,142:1
146,143,145:1
147,143,146:1
148,147,146:1
149,147,148:1
150,147,149:1
151,152,153:2
154,151,153:2
155,151,154:2
155,154,156:2
157,155,156:2
158,155,157:2
159,158,157:2
160,158,159:2
161,160,159:2
162,160,161:2
163,160,162:2
152,163,162:2
152,162,164:2
165,152,164:2
153,152,165:2
166,167,168:2
166,169,167:2
169,170,167:2
169,171,170:2
172,170,171:2
171,173,172:2
174,57,175:0
59,57,174:0
174,175,64:0
64,65,174:0
68,176,66:0
68,177,176:0
177,178,176:0
177,179,178:0
180,179,181:0
178,179,180:0
182,183,184:2
185,184,183:2
186,184,185:2
185,187,186:2
188,82,81:0
189,82,188:0
188,190,189:0
190,191,189:0
186,192,193:2
187,192,186:2
192,194,193:2
195,193,194:2
194,196,195:2
93,183,92:2
93,185,183:2
96,197,94:3
96,198,197:3
198,103,197:3
198,102,103:3
199,102,198:3
200,102,199:3
108,199,106:3
108,201,199:3
202,116,201:3
203,202,201:3
196,202,203:2
195,196,203:2
199,115,200:3
201,115,199:3
201,116,115:3
118,192,117:2
118,194,192:2
204,190,205:0
204,191,190:0
168,206,166:2
168,207,206:2
207,208,206:2
207,209,208:2
209,173,208:2
209,172,173:2
</>

<shoesA_vp>
waist:hisui.stocking
l_leg1:hisui.l_stocking1
l_leg2:hisui.l_stocking2
l_foot:hisui.l_shoea
r_leg1:hisui.r_stocking1
r_leg2:hisui.r_stocking2
r_foot:hisui.r_shoea
DynamicVisual:
l_leg1:2:(-1.0,-8.0,-5.0):(-1.581548,-8.072422,-5.810283):(0.5,1.0)
l_leg1:1:(-2.5,-8.0,0.0):(-3.497313,-8.028201,0.067619):(0.5,0.0)
waist:10:(1.0,-19.5,0.0):(0.874568,-20.457184,-0.223251):(0.0,0.0)
waist:7:(2.5,-15.5,-5.0):(2.753016,-15.934928,-5.805072):(0.0,0.0)
l_leg1:19:(3.0,-1.0,-5.0):(3.606678,-1.000000,-5.794949):(0.0,0.0)
waist:6:(7.0,-10.0,-4.5):(7.530272,-9.900728,-5.272727):(0.0,0.0)
l_leg1:18:(6.5,-1.5,0.0):(7.500000,-1.500000,0.000000):(0.0,0.0)
waist:9:(9.0,-9.0,0.0):(9.927979,-8.783856,0.240612):(0.0,0.0)
waist:20:(0.5,-20.0,5.5):(-0.265107,-20.491314,6.016381):(0.0,0.0)
l_leg1:5:(-1.5,-8.0,5.0):(-2.133574,-8.024368,5.773298):(0.0,0.0)
waist:21:(8.5,-16.0,3.5):(9.386593,-16.080429,3.942546):(0.0,0.0)
waist:19:(6.5,-19.5,5.5):(6.780624,-20.012056,6.350893):(0.0,0.0)
l_leg1:4:(3.0,-8.0,5.0):(3.606592,-8.011662,5.794928):(0.0,0.0)
l_leg1:13:(-2.0,-33.5,1.5):(-2.991587,-33.547077,1.379422):(0.0,0.0)
l_leg1:14:(0.0,-35.0,-1.5):(-0.487187,-35.140530,-2.361917):(0.0,0.0)
l_leg2:1:(-3.5,-4.0,0.0):(-4.454597,-4.040752,-0.295099):(0.5,0.0)
l_leg2:2:(-1.5,-1.0,-3.0):(-1.930170,-1.148411,-3.890466):(0.5,1.0)
l_leg1:15:(2.5,-35.0,-1.5):(2.987186,-35.140530,-2.361918):(0.0,0.0)
l_leg2:3:(1.0,-1.0,-3.0):(1.430171,-1.148411,-3.890466):(1.0,1.0)
l_leg2:0:(3.0,-4.0,0.0):(3.954600,-4.040752,-0.295099):(1.0,0.0)
l_leg1:12:(4.5,-33.5,1.5):(5.482428,-33.591042,1.337055):(0.0,0.0)
l_leg2:10:(1.0,-6.0,3.5):(1.674780,-5.931829,4.234865):(0.0,0.0)
l_leg1:16:(2.5,-31.0,4.5):(3.095111,-31.044964,5.302385):(0.0,0.0)
l_leg2:11:(-1.5,-6.0,3.5):(-2.174778,-5.931829,4.234865):(0.0,0.0)
l_leg1:17:(0.0,-31.0,4.5):(-0.696728,-31.058783,5.214924):(0.0,0.0)
l_foot:6:(-2.0,-2.0,1.0):(-2.964869,-1.999997,1.262742):(0.0,0.0)
l_leg2:15:(-2.5,-35.0,0.5):(-3.493877,-35.039314,0.396722):(0.0,0.0)
l_foot:2:(-2.0,-2.0,-2.0):(-2.983474,-1.819561,-2.015032):(0.5,1.0)
l_leg2:19:(-1.5,-35.0,3.0):(-2.059644,-35.096844,3.823057):(0.0,0.0)
l_foot:10:(-1.0,-2.0,2.5):(-1.496665,-1.961667,3.367098):(0.0,0.0)
l_leg2:16:(-1.5,-35.0,-1.5):(-2.025583,-35.035431,-2.350006):(0.0,0.0)
l_foot:13:(-1.0,-1.0,-4.0):(-1.465522,-0.212127,-4.403162):(0.0,0.0)
l_leg2:17:(0.5,-35.0,-1.5):(1.025212,-35.046360,-2.349710):(0.0,0.0)
l_foot:12:(1.5,-1.0,-4.0):(1.991225,-0.247739,-4.439087):(0.0,0.0)
l_foot:0:(2.5,-2.0,-2.0):(3.482243,-1.830734,-2.080945):(1.0,0.0)
l_leg2:14:(1.5,-35.0,0.5):(2.491973,-35.062275,0.389909):(0.0,0.0)
l_foot:4:(2.5,-2.0,1.0):(3.457094,-1.999997,1.289785):(0.0,0.0)
l_leg2:18:(0.5,-35.0,3.0):(1.058245,-35.113132,3.821930):(0.0,0.0)
l_foot:8:(1.5,-2.0,2.5):(1.972046,-1.962259,3.380768):(0.0,0.0)
waist:41:(-1.0,-19.5,0.0):(-0.874568,-20.457184,-0.223251):(0.0,0.0)
r_leg1:1:(2.5,-8.0,0.0):(3.497313,-8.028201,0.067619):(0.5,0.0)
r_leg1:2:(1.0,-8.0,-5.0):(1.581548,-8.072422,-5.810283):(0.5,1.0)
waist:39:(-2.5,-15.5,-5.0):(-2.753016,-15.934928,-5.805072):(0.0,0.0)
r_leg1:19:(-3.0,-1.0,-5.0):(-3.606678,-1.000000,-5.794949):(0.0,0.0)
waist:38:(-7.0,-10.0,-4.5):(-7.530272,-9.900728,-5.272727):(0.0,0.0)
r_leg1:18:(-6.5,-1.5,0.0):(-7.500000,-1.500000,0.000000):(0.0,0.0)
waist:40:(-9.0,-9.0,0.0):(-9.927979,-8.783856,0.240612):(0.0,0.0)
r_leg1:5:(1.5,-8.0,5.0):(2.133574,-8.024368,5.773298):(0.0,0.0)
waist:47:(-0.5,-20.0,5.5):(0.265107,-20.491314,6.016381):(0.0,0.0)
waist:48:(-8.5,-16.0,3.5):(-9.386593,-16.080429,3.942546):(0.0,0.0)
r_leg1:4:(-3.0,-8.0,5.0):(-3.606592,-8.011662,5.794928):(0.0,0.0)
waist:46:(-6.5,-19.5,5.5):(-6.780624,-20.012056,6.350893):(0.0,0.0)
r_leg2:1:(3.5,-4.0,0.0):(4.454597,-4.040752,-0.295099):(0.5,0.0)
r_leg1:14:(-0.0,-35.0,-1.5):(0.487187,-35.140530,-2.361917):(0.0,0.0)
r_leg1:13:(2.0,-33.5,1.5):(2.991587,-33.547077,1.379422):(0.0,0.0)
r_leg2:2:(1.5,-1.0,-3.0):(1.930170,-1.148411,-3.890466):(0.5,1.0)
r_leg1:15:(-2.5,-35.0,-1.5):(-2.987186,-35.140530,-2.361918):(0.0,0.0)
r_leg2:3:(-1.0,-1.0,-3.0):(-1.430171,-1.148411,-3.890466):(1.0,1.0)
r_leg2:0:(-3.0,-4.0,0.0):(-3.954600,-4.040752,-0.295099):(1.0,0.0)
r_leg1:12:(-4.5,-33.5,1.5):(-5.482428,-33.591042,1.337055):(0.0,0.0)
r_leg2:10:(-1.0,-6.0,3.5):(-1.674780,-5.931829,4.234865):(0.0,0.0)
r_leg1:16:(-2.5,-31.0,4.5):(-3.095111,-31.044964,5.302385):(0.0,0.0)
r_leg2:11:(1.5,-6.0,3.5):(2.174778,-5.931829,4.234865):(0.0,0.0)
r_leg1:17:(-0.0,-31.0,4.5):(0.696728,-31.058783,5.214924):(0.0,0.0)
r_foot:2:(2.0,-2.0,-2.0):(2.983474,-1.819561,-2.015032):(0.5,1.0)
r_leg2:15:(2.5,-35.0,0.5):(3.493877,-35.039314,0.396722):(0.0,0.0)
r_foot:6:(2.0,-2.0,1.0):(2.964741,-1.982488,1.262627):(0.0,0.0)
r_leg2:19:(1.5,-35.0,3.0):(2.059644,-35.096844,3.823057):(0.0,0.0)
r_foot:10:(1.0,-2.0,2.5):(1.496059,-1.942239,3.366369):(0.0,0.0)
r_leg2:16:(1.5,-35.0,-1.5):(2.025583,-35.035431,-2.350006):(0.0,0.0)
r_foot:13:(1.0,-1.0,-4.0):(1.465523,-0.212127,-4.403162):(0.0,0.0)
r_leg2:17:(-0.5,-35.0,-1.5):(-1.025212,-35.046360,-2.349710):(0.0,0.0)
r_foot:12:(-1.5,-1.0,-4.0):(-1.991225,-0.247739,-4.439087):(0.0,0.0)
r_foot:0:(-2.5,-2.0,-2.0):(-3.482243,-1.830734,-2.080945):(1.0,0.0)
r_leg2:14:(-1.5,-35.0,0.5):(-2.491973,-35.062275,0.389909):(0.0,0.0)
r_foot:4:(-2.5,-2.0,1.0):(-3.456945,-1.980688,1.289632):(0.0,0.0)
r_leg2:18:(-0.5,-35.0,3.0):(-1.058245,-35.113132,3.821930):(0.0,0.0)
r_foot:8:(-1.5,-2.0,2.5):(-1.971408,-1.941333,3.379964):(0.0,0.0)
Material:
(72,72,72,255)::
(255,225,200,255)::
FaceArray:
0,1,2:0
2,3,0:0
0,3,4:0
4,3,5:0
5,6,4:0
5,7,6:0
8,2,9:0
9,2,1:0
10,6,7:0
11,9,12:0
11,8,9:0
10,11,6:0
11,12,6:0
13,14,15:0
14,16,15:0
14,17,16:0
17,18,16:0
17,19,18:0
17,20,19:0
20,21,19:0
20,22,21:0
22,23,21:0
22,24,23:0
24,13,23:0
13,15,23:0
25,26,27:0
28,26,25:0
29,28,25:0
26,30,27:0
30,31,27:0
30,32,31:0
32,33,31:0
32,34,33:0
32,35,34:0
35,36,34:0
35,37,36:0
37,38,36:0
37,28,38:0
28,29,38:0
39,40,41:0
41,42,39:0
43,42,41:0
44,42,43:0
43,45,44:0
45,46,44:0
47,39,48:0
40,39,47:0
46,45,49:0
50,47,51:0
47,48,51:0
45,51,49:0
45,50,51:0
52,53,54:0
52,55,53:0
55,56,53:0
55,57,56:0
57,58,56:0
58,59,56:0
58,60,59:0
60,61,59:0
60,62,61:0
62,63,61:0
62,54,63:0
62,52,54:0
64,65,66:0
66,65,67:0
66,67,68:0
64,69,65:0
64,70,69:0
70,71,69:0
70,72,71:0
72,73,71:0
73,74,71:0
73,75,74:0
75,76,74:0
75,77,76:0
77,67,76:0
77,68,67:0
</>
