
<frame>
class:human.female
body::(0.0,0.0,0.0):(0.0,0.0,0.0):HPb:(1.05,1.1,1.05)
head:body:(0.0,31.0,1.0):(0.0,0.0,0.0):HPb:
l_breast:body:(4.5,13.0,-5.5):(0.0,0.0,0.0):---:(1.05,1.1,0.65)
r_breast:body:(-4.5,13.0,-5.5):(0.0,0.0,0.0):---:(1.05,1.1,0.65)
l_arm1:body:(9.0,19.0,1.5):(0.0,0.0,0.0):bPh:(1.05,1.1,1.05)
l_arm2:l_arm1:(0.5,-19.0,0.2):(0.0,0.0,0.0):HPB:(1.05,1.1,1.05)
l_hand:l_arm2:(0.0,-18.0,0.2):(0.0,0.0,0.0):Hbp:
r_arm1:body:(-9.0,19.0,1.5):(0.0,0.0,0.0):bPh:(1.05,1.1,1.05)
r_arm2:r_arm1:(-0.5,-19.0,0.2):(0.0,0.0,0.0):HPB:(1.05,1.1,1.05)
r_hand:r_arm2:(0.0,-18.0,0.2):(0.0,0.0,0.0):Hbp:
waist:body:(0.0,0.0,0.0):(0.0,0.0,0.0):HPB:(1.1,1.0,1.1)
l_leg1:waist:(3.5,-14.5,0.0):(0.0,0.0,0.0):bPh:(1.05,1.1,1.05)
l_leg2:l_leg1:(1.5,-35.5,1.5):(0.0,0.0,0.0):bPh:(1.05,1.1,1.05)
l_foot:l_leg2:(-0.5,-38.0,0.5):(0.0,0.0,0.0):HPB:(1.05,1.05,1.05)
r_leg1:waist:(-3.5,-14.5,0.0):(0.0,0.0,0.0):bPh:(1.05,1.1,1.05)
r_leg2:r_leg1:(-1.5,-35.5,1.5):(0.0,0.0,0.0):bPh:(1.05,1.1,1.05)
r_foot:r_leg2:(0.5,-38.0,0.5):(0.0,0.0,0.0):HPB:(1.05,1.05,1.05)
</>

<skin>
1,0,0,0,0,0,0:kaede.head
0,1,0,0,0,0,0:female.body
0,0,1,0,0,0,0:female.arms
0,0,0,2,0,0,0:female.l_hand
0,0,0,1,0,0,0:female.r_hand
0,0,0,0,1,0,0:female.waist
0,0,0,0,0,1,0:female.legs
0,0,0,0,0,0,1:female.foots
</>

<defaultcos>
kaede.sailor
kaede.skirta
kaede.shoes
</>

<sailor>
class:human.female
0,3,2,0,0,0,0:kaede.sailor_vp
</>

<skirtA>
class:human.
0,0,0,0,2,0,0:kaede.skirtA_vp
</>

<shoes>
class:human.
0,0,0,0,0,0,3:kaede.shoes_vp
</>

<clothes>
class:human.female
0,3,2,0,0,0,0:kaede.clothes_vp
</>

<skirtB>
class:human.
0,0,0,0,2,0,0:kaede.skirtB_vp
</>

<socks>
class:human.
0,0,0,0,0,0,1:kaede.socks_vp
</>

<bloomer>
class:human.
0,0,0,0,1,0,0:kaede.bloomer_vp
</>

<catear>
class:human.
8,0,0,0,0,0,0:kaede.catear_vp
</>

<collar>
class:human.
0,4,0,0,0,0,0:kaede.collar_vp
</>

<tail>
class:human.
0,0,0,0,4,0,0:kaede.tail_vp
</>

<head>
head:::kaede.head
</>

<skirtB_vp>
waist:::kaede.skirtb
</>

<catear_vp>
head:::kaede.catear
</>

<collar_vp>
body:::kaede.collar
</>

<tail_vp>
waist:::kaede.tail
</>

<sailor_vp>
body:kaede.sailor
l_breast:kaede.sailor_lb
r_breast:kaede.sailor_rb
l_arm1:kaede.l_sailor
r_arm1:kaede.r_sailor
DynamicVisual:
waist:4:(-4.5,-3.0,-5.0):(-5.039868,-2.747690,-5.732451):(0.0,0.0)
body:115:(-4.5,4.0,-5.0):(-4.786032,3.783660,-5.873996):(0.0,0.0)
waist:1:(4.5,-3.0,-5.0):(5.039868,-2.747690,-5.732451):(0.5,0.0)
body:110:(4.5,4.0,-5.0):(4.786032,3.783660,-5.873996):(0.0,0.0)
waist:0:(4.5,-3.0,4.5):(4.695519,-2.694681,5.475169):(1.0,0.0)
body:109:(4.5,4.0,4.5):(4.940638,3.947754,5.430911):(0.0,0.0)
waist:3:(-4.5,-3.0,4.5):(-4.695519,-2.694681,5.475169):(1.0,1.0)
body:114:(-4.5,4.0,4.5):(-4.940638,3.947754,5.430911):(0.0,0.0)
body:34:(-9.0,14.5,-1.0):(-9.970097,14.483088,-0.969429):(0.0,0.0)
r_arm1:3:(1.0,-3.0,-3.0):(1.459540,-2.842851,-3.874144):(1.0,1.0)
body:41:(-9.0,18.5,-2.0):(-9.912070,18.669165,-2.241101):(0.0,0.0)
r_arm1:4:(2.2,-5.0,0.0):(3.195297,-4.903131,0.000000):(0.0,0.0)
body:40:(-9.0,14.5,3.0):(-9.828164,14.279943,3.514510):(0.0,0.0)
waist:37:(-7.0,-3.0,0.0):(-7.898966,-2.671797,0.223396):(0.0,0.0)
body:117:(-7.5,4.0,0.0):(-8.439880,3.754927,0.059871):(0.0,0.0)
r_arm1:6:(1.0,-3.0,3.0):(1.459540,-2.842851,3.874143):(0.0,0.0)
body:42:(-9.0,17.5,5.0):(-9.764495,17.497437,5.657722):(0.0,0.0)
r_arm1:5:(-2.0,1.0,2.5):(-2.552687,1.381798,3.240787):(0.0,0.0)
body:44:(-9.0,22.5,4.4):(-9.482221,22.602364,5.302893):(0.0,0.0)
r_arm1:0:(-3.0,2.0,0.0):(-3.894426,2.447214,0.000000):(1.0,0.0)
r_arm1:2:(-2.0,1.0,-2.5):(-2.552689,1.381798,-3.240787):(0.5,1.0)
body:43:(-9.0,22.5,0.0):(-9.783286,22.802158,-0.448054):(0.0,0.0)
body:100:(-2.5,19.0,-5.3):(-2.687119,19.299387,-6.235600):(0.0,0.0)
body:27:(0.0,19.0,-5.8):(-0.006973,19.307322,-6.751576):(0.0,0.0)
r_breast:55:(2.8,3.0,-1.7):(2.800001,3.508725,-2.560925):(0.0,0.0)
body:91:(-2.1,19.0,-5.3):(-1.188078,19.410378,-5.300001):(0.0,0.0)
r_breast:53:(2.9,3.2,-1.3):(3.794431,3.647220,-1.300000):(0.0,0.0)
r_breast:34:(2.9,3.2,-2.3):(3.540421,3.821259,-2.751566):(0.0,0.0)
body:77:(-2.1,19.0,-6.3):(-1.549800,19.511593,-6.959975):(0.0,0.0)
r_breast:63:(1.5,3.9,-2.1):(1.501393,4.320561,-3.007265):(0.0,0.0)
body:73:(-5.5,19.1,-5.8):(-5.824599,19.609695,-6.596772):(0.0,0.0)
r_breast:62:(0.9,3.8,-2.0):(0.772753,4.116848,-2.939903):(0.0,0.0)
body:74:(-6.0,18.9,-5.7):(-6.322755,19.495594,-6.435594):(0.0,0.0)
r_breast:61:(0.2,3.8,-1.9):(0.077997,4.152119,-2.827970):(0.0,0.0)
body:75:(-6.5,18.8,-5.6):(-6.771238,19.419683,-6.336495):(0.0,0.0)
r_breast:60:(-0.4,3.8,-1.8):(-0.535416,4.158974,-2.723473):(0.0,0.0)
body:76:(-7.0,18.7,-5.5):(-7.259299,19.316620,-6.243334):(0.0,0.0)
r_breast:59:(-1.0,3.7,-1.7):(-1.547454,3.263608,-2.414042):(0.0,0.0)
body:60:(-7.5,18.5,-5.4):(-8.303338,18.474400,-5.994974):(0.0,0.0)
r_breast:64:(-1.0,3.7,0.2):(-1.514497,2.842509,0.200002):(0.0,0.0)
body:78:(-7.5,18.5,-3.5):(-8.088099,17.782557,-3.126616):(0.0,0.0)
body:37:(-8.2,16.8,-4.5):(-8.943812,17.032814,-5.088017):(0.0,0.0)
body:35:(-5.5,18.5,-5.2):(-5.874173,18.898914,-5.973415):(0.0,0.0)
r_breast:18:(-2.3,2.8,-1.1):(-2.712632,3.340148,-1.770143):(0.0,0.0)
body:154:(-7.8,18.4,-4.9):(-8.460934,18.774343,-5.469025):(0.0,0.0)
body:155:(-7.3,18.6,-5.0):(-7.643872,19.166183,-5.684932):(0.0,0.0)
r_breast:41:(-2.0,3.1,-1.8):(-2.295715,3.640093,-2.526301):(0.0,0.0)
r_breast:66:(-0.8,3.6,-1.5):(-0.762072,4.290050,-2.173814):(0.0,0.0)
r_breast:44:(-2.5,2.8,-1.6):(-3.252345,2.647712,-2.154593):(0.0,0.0)
body:152:(-8.1,18.2,-4.3):(-9.045996,18.264616,-4.460083):(0.0,0.0)
r_breast:49:(-2.5,2.8,-0.6):(-3.150881,2.067212,-0.550097):(0.0,0.0)
body:153:(-8.1,18.2,-3.3):(-9.070429,18.200005,-3.250097):(0.0,0.0)
r_breast:16:(-3.7,1.3,-0.8):(-4.483250,1.665040,-1.309649):(0.0,0.0)
body:38:(-9.0,14.0,-3.5):(-9.958572,14.001096,-3.603610):(0.0,0.0)
r_breast:6:(-4.4,-0.5,1.3):(-5.423798,-0.500932,1.156470):(0.0,0.0)
body:150:(-8.8,11.5,-2.5):(-9.765237,11.460082,-2.543679):(0.0,0.0)
r_breast:7:(-3.8,-2.7,1.2):(-4.800294,-2.998882,1.067775):(0.0,0.0)
body:151:(-8.5,8.3,-3.5):(-9.457479,8.284815,-3.609766):(0.0,0.0)
r_breast:8:(-3.7,-2.5,-0.8):(-4.518079,-2.859171,-1.248110):(0.0,0.0)
body:82:(-8.2,5.0,-5.5):(-9.130924,4.988207,-5.865502):(0.0,0.0)
r_breast:10:(-1.7,-2.8,-3.0):(-2.211360,-3.185473,-3.857803):(0.0,0.0)
body:81:(-5.2,4.0,-7.0):(-5.514760,3.921954,-7.885689):(0.0,0.0)
r_breast:15:(0.5,-2.8,-3.4):(0.665788,-3.167228,-4.367948):(0.0,0.0)
body:6:(0.0,4.0,-7.0):(0.000000,3.916958,-7.946642):(0.0,0.0)
r_breast:13:(3.0,-2.5,-2.0):(3.523756,-2.838061,-2.797672):(0.0,0.0)
l_breast:13:(-3.0,-2.5,-2.0):(-3.523756,-2.838061,-2.797672):(0.0,0.0)
r_breast:12:(3.5,-0.8,-2.2):(4.047569,-0.743217,-3.031471):(0.0,0.0)
r_breast:22:(3.0,1.0,-2.0):(3.429090,1.446111,-2.809454):(0.0,0.0)
l_breast:22:(-3.0,1.0,-2.0):(-3.429091,1.446111,-2.809454):(0.0,0.0)
l_breast:12:(-3.5,-0.8,-2.2):(-4.047569,-0.743217,-3.031471):(0.0,0.0)
l_breast:54:(-2.8,3.0,-1.7):(-2.800001,3.508725,-2.560925):(1.0,1.0)
r_breast:56:(4.0,0.8,-3.0):(4.000001,1.308725,-3.860925):(0.0,0.0)
l_breast:55:(-4.0,0.8,-3.0):(-4.000001,1.308725,-3.860925):(0.0,0.0)
r_breast:32:(3.5,1.0,-3.7):(2.548010,1.080838,-3.823314):(0.0,0.0)
l_breast:31:(-3.5,1.0,-3.7):(-2.544787,1.000004,-3.823882):(0.0,0.0)
r_breast:31:(3.5,-0.5,-3.7):(2.548010,-0.419164,-3.823314):(0.0,0.0)
l_breast:30:(-3.5,-0.5,-3.7):(-2.544787,-0.499998,-3.823882):(0.0,0.0)
l_breast:36:(-3.2,1.0,-2.0):(-2.244787,1.000004,-2.123883):(0.0,0.0)
r_breast:37:(3.2,1.0,-2.0):(2.248009,1.080838,-2.123314):(0.0,0.0)
r_breast:38:(3.2,-0.5,-2.7):(2.248009,-0.419164,-2.823314):(0.0,0.0)
l_breast:37:(-3.2,-0.5,-2.7):(-2.244787,-0.499998,-2.823882):(0.0,0.0)
r_breast:28:(4.2,-0.0,-2.8):(3.333555,0.332806,-2.456159):(0.0,0.0)
l_breast:27:(-4.2,0.0,-2.8):(-4.229570,0.000000,-1.750093):(1.0,0.0)
r_breast:26:(4.5,-3.5,-3.8):(3.973261,-3.304350,-4.577300):(0.0,0.0)
r_breast:57:(3.8,-0.0,-3.1):(2.894911,0.240965,-2.788661):(0.0,0.0)
l_breast:56:(-3.8,0.0,-3.1):(-3.829571,-0.110431,-2.056211):(0.0,0.0)
r_breast:67:(4.5,-4.5,-4.6):(4.093599,-4.277169,-5.422033):(0.0,0.0)
l_breast:26:(-2.5,-4.5,-3.6):(-2.529570,-4.610429,-2.556210):(0.0,0.0)
l_breast:57:(-2.9,-3.5,-2.8):(-2.929571,-3.499996,-1.750093):(0.0,0.0)
r_breast:27:(2.5,-4.5,-3.6):(1.594910,-4.259033,-3.288661):(1.0,1.0)
body:251:(0.0,3.0,-8.0):(0.000000,2.999999,-6.950096):(0.0,0.0)
r_breast:58:(2.9,-3.5,-2.8):(2.033556,-3.167190,-2.456159):(0.0,0.0)
body:252:(0.0,3.5,-7.2):(0.000000,3.599500,-6.155058):(0.0,0.0)
body:165:(9.0,18.5,-2.0):(9.912070,18.669165,-2.241101):(0.0,0.0)
l_arm1:3:(-1.0,-3.0,-3.0):(-1.459540,-2.842851,-3.874144):(1.0,1.0)
body:158:(9.0,14.5,-1.0):(9.970097,14.483088,-0.969429):(0.0,0.0)
l_arm1:4:(-2.2,-5.0,0.0):(-3.195297,-4.903131,0.000000):(0.0,0.0)
body:164:(9.0,14.5,3.0):(9.828164,14.279943,3.514510):(0.0,0.0)
waist:2:(7.0,-3.0,0.0):(7.898966,-2.671797,0.223396):(0.5,1.0)
body:228:(7.5,4.0,0.0):(8.439880,3.754927,0.059871):(0.0,0.0)
l_arm1:6:(-1.0,-3.0,3.0):(-1.459540,-2.842851,3.874143):(0.0,0.0)
body:166:(9.0,17.5,5.0):(9.764495,17.497437,5.657722):(0.0,0.0)
l_arm1:5:(2.0,1.0,2.5):(2.552687,1.381798,3.240787):(0.0,0.0)
body:168:(9.0,22.5,4.4):(9.482221,22.602364,5.302893):(0.0,0.0)
l_arm1:0:(3.0,2.0,0.0):(3.894426,2.447214,0.000000):(1.0,0.0)
body:167:(9.0,22.5,0.0):(9.783286,22.802158,-0.448054):(0.0,0.0)
l_arm1:2:(2.0,1.0,-2.5):(2.552689,1.381798,-3.240787):(0.5,1.0)
body:224:(2.5,19.0,-5.3):(2.673401,19.305183,-6.236370):(0.0,0.0)
l_breast:33:(-2.9,3.2,-2.3):(-3.540421,3.821259,-2.751567):(0.0,0.0)
l_breast:52:(-2.9,3.2,-1.3):(-3.794431,3.647220,-1.300000):(0.0,0.0)
body:215:(2.1,19.0,-5.3):(1.188078,19.410378,-5.300001):(0.0,0.0)
body:201:(2.1,19.0,-6.3):(1.549800,19.511593,-6.959975):(0.0,0.0)
l_breast:62:(-1.5,3.9,-2.1):(-1.501392,4.320562,-3.007265):(0.0,0.0)
body:197:(5.5,19.1,-5.8):(5.774420,19.647324,-6.590652):(0.0,0.0)
l_breast:61:(-0.9,3.8,-2.0):(-0.772753,4.116848,-2.939903):(0.0,0.0)
body:198:(6.0,18.9,-5.7):(6.140852,19.604265,-6.395826):(0.0,0.0)
l_breast:60:(-0.2,3.8,-1.9):(-0.077997,4.152119,-2.827970):(0.0,0.0)
body:199:(6.5,18.8,-5.6):(6.639180,19.495892,-6.304533):(0.0,0.0)
l_breast:59:(0.4,3.8,-1.8):(0.535415,4.158974,-2.723473):(0.0,0.0)
body:200:(7.0,18.7,-5.5):(7.195067,19.360954,-6.224631):(0.0,0.0)
l_breast:58:(1.0,3.7,-1.7):(1.547454,3.263607,-2.414042):(0.0,0.0)
body:184:(7.5,18.5,-5.4):(8.307654,18.481283,-5.989360):(0.0,0.0)
l_breast:63:(1.0,3.7,0.2):(1.514497,2.842507,0.200002):(0.0,0.0)
body:202:(7.5,18.5,-3.5):(8.088099,17.782557,-3.126616):(0.0,0.0)
l_breast:18:(2.3,2.8,-1.1):(2.712632,3.340148,-1.770143):(0.0,0.0)
body:159:(5.5,18.5,-5.2):(5.874173,18.898914,-5.973415):(0.0,0.0)
body:161:(8.2,16.8,-4.5):(8.943812,17.032814,-5.088017):(0.0,0.0)
l_breast:40:(2.0,3.1,-1.8):(2.295715,3.640093,-2.526301):(0.0,0.0)
body:248:(7.3,18.6,-5.0):(7.643872,19.166183,-5.684932):(0.0,0.0)
body:247:(7.8,18.4,-4.9):(8.460934,18.774343,-5.469025):(0.0,0.0)
l_breast:65:(0.8,3.6,-1.5):(0.762072,4.290050,-2.173814):(0.0,0.0)
l_breast:43:(2.5,2.8,-1.6):(3.252345,2.647713,-2.154594):(0.0,0.0)
body:245:(8.1,18.2,-4.3):(9.045996,18.264616,-4.460083):(0.0,0.0)
l_breast:48:(2.5,2.8,-0.6):(3.150882,2.067212,-0.550097):(0.0,0.0)
body:246:(8.1,18.2,-3.3):(9.070429,18.200005,-3.250097):(0.0,0.0)
l_breast:16:(3.7,1.3,-0.8):(4.483250,1.665040,-1.309649):(0.0,0.0)
body:162:(9.0,14.0,-3.5):(9.958572,14.001096,-3.603610):(0.0,0.0)
l_breast:6:(4.4,-0.5,1.3):(5.423798,-0.500932,1.156470):(0.0,0.0)
body:243:(8.8,11.5,-2.5):(9.765237,11.460082,-2.543679):(0.0,0.0)
l_breast:7:(3.8,-2.7,1.2):(4.800294,-2.998882,1.067775):(0.0,0.0)
body:244:(8.5,8.3,-3.5):(9.457479,8.284815,-3.609766):(0.0,0.0)
l_breast:8:(3.7,-2.5,-0.8):(4.518079,-2.859171,-1.248110):(0.0,0.0)
body:206:(8.2,5.0,-5.5):(9.130924,4.988207,-5.865502):(0.0,0.0)
l_breast:10:(1.7,-2.8,-3.0):(2.211359,-3.185473,-3.857803):(0.0,0.0)
body:205:(5.2,4.0,-7.0):(5.514760,3.921954,-7.885689):(0.0,0.0)
l_breast:15:(-0.5,-2.8,-3.4):(-0.665788,-3.167228,-4.367948):(0.0,0.0)
Material:
(240,255,255,255)::
(255,225,200,255)::
(0,0,127,255)::
(240,240,127,255)::
FaceArray:
0,1,2:1
2,1,3:1
4,5,6:1
6,5,7:1
8,9,10:0
11,9,8:0
12,11,8:0
0,13,1:1
14,1,13:1
13,6,14:1
6,7,14:1
15,11,12:0
16,15,12:0
17,15,16:0
16,18,17:0
18,19,17:0
20,21,9:0
21,10,9:0
19,18,21:0
21,20,19:0
22,23,24:2
25,26,27:2
28,25,27:2
29,28,27:2
28,29,30:2
30,29,31:0
30,31,32:0
32,31,33:2
32,33,34:2
34,33,35:0
34,35,36:0
36,35,37:2
38,36,37:2
38,37,39:2
38,39,40:2
41,42,43:0
44,45,46:3
46,45,47:3
44,46,48:3
44,48,49:3
49,48,50:3
50,51,49:3
41,43,52:0
52,53,41:0
52,54,53:0
54,55,53:0
54,56,55:0
55,56,57:0
56,58,57:0
57,58,59:0
58,60,59:0
59,60,61:0
60,62,61:0
62,63,61:0
62,64,63:0
64,65,63:0
66,67,68:0
66,68,69:0
66,69,64:0
64,69,65:0
24,23,70:2
24,70,71:2
71,70,72:2
73,74,75:3
75,74,76:3
73,77,74:3
73,78,77:3
75,76,79:3
79,76,80:3
81,82,83:3
84,85,86:3
86,85,87:3
83,82,88:3
89,86,90:3
90,86,87:3
91,83,92:3
83,88,92:3
93,94,95:0
95,94,96:0
95,96,97:0
3,98,2:1
98,3,99:1
99,4,98:1
99,5,4:1
97,96,100:0
97,100,101:0
101,100,102:0
102,103,101:0
102,104,103:0
94,105,106:0
94,93,105:0
105,103,104:0
104,106,105:0
70,23,107:2
108,109,110:2
108,110,111:2
108,111,112:2
113,112,111:2
114,112,113:0
115,114,113:0
116,114,115:2
117,116,115:2
118,116,117:0
119,118,117:0
120,118,119:2
120,119,121:2
122,120,121:2
123,122,121:2
124,125,126:0
127,128,129:3
130,128,127:3
131,127,129:3
132,131,129:3
133,131,132:3
132,134,133:3
135,124,126:0
126,136,135:0
136,137,135:0
136,138,137:0
138,139,137:0
140,139,138:0
140,141,139:0
142,141,140:0
142,143,141:0
144,143,142:0
144,145,143:0
144,63,145:0
63,65,145:0
</>

<shoes_vp>
l_leg2:::kaede.l_leg2
l_foot:::kaede.l_shoe
r_leg2:::kaede.r_leg2
r_foot:::kaede.r_shoe
DynamicVisual:
l_leg2:8:(-1.6,-35.0,-1.8):(-2.118093,-35.048798,-2.653933):(0.0,0.0)
l_leg2:9:(0.7,-35.0,-1.8):(1.232586,-35.055866,-2.644532):(0.0,0.0)
l_foot:35:(-1.3,-1.0,-3.7):(-1.389569,-0.326229,-2.966512):(0.0,0.0)
l_foot:34:(1.8,-1.0,-3.7):(1.889570,-0.326229,-2.966512):(0.0,0.0)
l_foot:38:(2.4,-2.0,-3.0):(2.465297,-1.178201,-2.433970):(0.0,0.0)
l_leg2:6:(1.8,-35.0,0.5):(2.796222,-35.066090,0.443611):(0.0,0.0)
l_foot:36:(-1.9,-2.0,-3.0):(-1.965297,-1.178201,-2.433970):(0.0,0.0)
l_leg2:7:(-2.8,-35.0,0.5):(-3.796993,-35.041885,0.434781):(0.0,0.0)
l_foot:37:(-2.2,-2.0,1.0):(-2.200002,-0.999997,1.000001):(0.0,0.0)
l_foot:39:(2.7,-2.0,1.0):(2.700002,-0.999997,1.000001):(0.0,0.0)
l_leg2:10:(0.6,-35.0,3.4):(1.153453,-35.110165,4.225564):(0.0,0.0)
l_foot:40:(1.5,-2.0,2.7):(1.500002,-0.999997,2.700001):(0.0,0.0)
l_foot:41:(-1.0,-2.0,2.7):(-1.000002,-0.999997,2.700001):(0.0,0.0)
l_leg2:11:(-1.6,-35.0,3.4):(-2.154764,-35.094471,4.226627):(0.0,0.0)
r_foot:35:(1.3,-1.0,-3.7):(1.389570,-0.326229,-2.966512):(0.0,0.0)
r_leg2:9:(-0.7,-35.0,-1.8):(-1.232586,-35.055866,-2.644532):(0.0,0.0)
r_leg2:8:(1.6,-35.0,-1.8):(2.118094,-35.048798,-2.653933):(0.0,0.0)
r_foot:34:(-1.8,-1.0,-3.7):(-1.889570,-0.326229,-2.966512):(0.0,0.0)
r_foot:38:(-2.4,-2.0,-3.0):(-2.465296,-1.178201,-2.433970):(0.0,0.0)
r_leg2:6:(-1.8,-35.0,0.5):(-2.796222,-35.066090,0.443611):(0.0,0.0)
r_foot:36:(1.9,-2.0,-3.0):(1.965296,-1.178201,-2.433970):(0.0,0.0)
r_leg2:7:(2.8,-35.0,0.5):(3.796993,-35.041885,0.434781):(0.0,0.0)
r_foot:37:(2.2,-2.0,1.0):(2.200002,-0.999997,1.000001):(0.0,0.0)
r_foot:39:(-2.7,-2.0,1.0):(-2.700002,-0.999997,1.000001):(0.0,0.0)
r_leg2:10:(-0.6,-35.0,3.4):(-1.153454,-35.110165,4.225564):(0.0,0.0)
r_foot:40:(-1.5,-2.0,2.7):(-1.500002,-0.999997,2.700001):(0.0,0.0)
r_foot:41:(1.0,-2.0,2.7):(1.000002,-0.999997,2.700001):(0.0,0.0)
r_leg2:11:(1.6,-35.0,3.4):(2.154764,-35.094471,4.226627):(0.0,0.0)
Material:
(240,255,255,255)::
(255,225,200,255)::
FaceArray:
0,1,2:0
2,1,3:0
3,1,4:0
4,1,5:0
0,2,6:0
6,7,0:0
7,6,8:0
5,9,4:0
9,5,10:0
9,10,11:0
11,10,12:0
12,10,13:0
13,8,12:0
8,13,7:0
14,15,16:0
17,15,14:0
18,15,17:0
19,15,18:0
20,14,16:0
16,21,20:0
22,20,21:0
18,23,19:0
24,19,23:0
25,24,23:0
26,24,25:0
27,24,26:0
26,22,27:0
21,27,22:0
</>

<bloomer_vp>
waist:::kaede.bloomer
DynamicVisual:
waist:31:(-1.0,-19.5,0.0):(-1.249545,-20.394236,-0.300012):(0.0,0.0)
r_leg1:1:(2.5,-8.0,0.0):(3.497313,-8.028201,0.067619):(0.5,0.0)
r_leg1:2:(1.0,-8.0,-5.0):(1.581548,-8.072422,-5.810283):(0.5,1.0)
waist:29:(-2.5,-15.5,-5.0):(-2.753016,-15.934928,-5.805072):(0.0,0.0)
r_leg1:19:(-3.0,-1.0,-5.0):(-3.606678,-1.000000,-5.794949):(0.0,0.0)
waist:28:(-7.0,-10.0,-4.5):(-7.479876,-10.297632,-5.257487):(0.0,0.0)
r_leg1:18:(-6.5,-1.5,0.0):(-7.500000,-1.500000,0.000000):(0.0,0.0)
waist:30:(-9.0,-9.0,0.0):(-9.962091,-8.975310,0.176338):(0.0,0.0)
r_leg1:5:(1.5,-8.0,5.0):(2.133574,-8.024368,5.773298):(0.0,0.0)
waist:35:(-0.5,-20.0,5.5):(-0.528027,-20.844078,6.083022):(0.0,0.0)
waist:36:(-8.5,-16.0,3.5):(-9.386593,-16.080429,3.942546):(0.0,0.0)
r_leg1:4:(-3.0,-8.0,5.0):(-3.606592,-8.011662,5.794928):(0.0,0.0)
waist:34:(-6.5,-19.5,5.5):(-6.881303,-19.986313,6.321064):(0.0,0.0)
l_leg1:2:(-1.0,-8.0,-5.0):(-1.581548,-8.072422,-5.810283):(0.5,1.0)
l_leg1:1:(-2.5,-8.0,0.0):(-3.497313,-8.028201,0.067619):(0.5,0.0)
waist:10:(1.0,-19.5,0.0):(1.249545,-20.394236,-0.300012):(0.0,0.0)
waist:7:(2.5,-15.5,-5.0):(2.753016,-15.934928,-5.805072):(0.0,0.0)
l_leg1:19:(3.0,-1.0,-5.0):(3.606678,-1.000000,-5.794949):(0.0,0.0)
waist:6:(7.0,-10.0,-4.5):(7.479876,-10.297632,-5.257487):(0.0,0.0)
l_leg1:18:(6.5,-1.5,0.0):(7.500000,-1.500000,0.000000):(0.0,0.0)
waist:9:(9.0,-9.0,0.0):(9.962091,-8.975310,0.176338):(0.0,0.0)
waist:22:(0.5,-20.0,5.5):(0.528027,-20.844078,6.083022):(0.0,0.0)
l_leg1:5:(-1.5,-8.0,5.0):(-2.133574,-8.024368,5.773298):(0.0,0.0)
waist:23:(8.5,-16.0,3.5):(9.386593,-16.080429,3.942546):(0.0,0.0)
waist:21:(6.5,-19.5,5.5):(6.881303,-19.986313,6.321064):(0.0,0.0)
l_leg1:4:(3.0,-8.0,5.0):(3.606592,-8.011662,5.794928):(0.0,0.0)
Material:
(255,255,255,255)::
(255,225,200,255)::
FaceArray:
0,1,2:1
2,3,0:1
4,3,2:1
5,3,4:1
4,6,5:1
6,7,5:1
8,0,9:1
1,0,8:1
7,6,10:1
11,8,12:1
8,9,12:1
6,12,10:1
6,11,12:1
13,14,15:1
15,16,13:1
13,16,17:1
17,16,18:1
18,19,17:1
18,20,19:1
21,15,22:1
22,15,14:1
23,19,20:1
24,22,25:1
24,21,22:1
23,24,19:1
24,25,19:1
</>

<socks_vp>
l_leg2:::kaede.l_leg2
l_foot:::kaede.l_sock
r_leg2:::kaede.r_leg2
r_foot:::kaede.r_sock
DynamicVisual:
l_leg2:8:(-1.6,-35.0,-1.8):(-2.118093,-35.048798,-2.653933):(0.0,0.0)
l_leg2:9:(0.7,-35.0,-1.8):(1.232586,-35.055866,-2.644532):(0.0,0.0)
l_foot:13:(-1.0,-1.0,-4.0):(-1.465522,-0.212127,-4.403162):(0.0,0.0)
l_foot:12:(1.5,-1.0,-4.0):(1.991225,-0.247739,-4.439087):(0.0,0.0)
l_foot:0:(2.5,-2.0,-2.0):(3.482243,-1.830734,-2.080945):(1.0,0.0)
l_leg2:6:(1.8,-35.0,0.5):(2.796222,-35.066090,0.443611):(0.0,0.0)
l_foot:4:(2.5,-2.0,1.0):(3.457094,-1.999997,1.289785):(0.0,0.0)
l_leg2:10:(0.6,-35.0,3.4):(1.153453,-35.110165,4.225564):(0.0,0.0)
l_foot:8:(1.5,-2.0,2.5):(1.972046,-1.962259,3.380768):(0.0,0.0)
l_leg2:11:(-1.6,-35.0,3.4):(-2.154764,-35.094471,4.226627):(0.0,0.0)
l_foot:10:(-1.0,-2.0,2.5):(-1.496665,-1.961667,3.367098):(0.0,0.0)
l_foot:6:(-2.0,-2.0,1.0):(-2.964869,-1.999997,1.262742):(0.0,0.0)
l_leg2:7:(-2.8,-35.0,0.5):(-3.796993,-35.041885,0.434781):(0.0,0.0)
l_foot:2:(-2.0,-2.0,-2.0):(-2.980167,-1.802851,-2.020260):(0.5,1.0)
r_foot:13:(1.0,-1.0,-4.0):(1.465522,-0.212127,-4.403162):(0.0,0.0)
r_leg2:9:(-0.7,-35.0,-1.8):(-1.232586,-35.055866,-2.644532):(0.0,0.0)
r_leg2:8:(1.6,-35.0,-1.8):(2.118094,-35.048798,-2.653933):(0.0,0.0)
r_foot:12:(-1.5,-1.0,-4.0):(-1.991225,-0.247739,-4.439087):(0.0,0.0)
r_foot:0:(-2.5,-2.0,-2.0):(-3.482243,-1.830734,-2.080945):(1.0,0.0)
r_leg2:6:(-1.8,-35.0,0.5):(-2.796222,-35.066090,0.443611):(0.0,0.0)
r_foot:4:(-2.5,-2.0,1.0):(-3.456945,-1.980688,1.289632):(0.0,0.0)
r_leg2:10:(-0.6,-35.0,3.4):(-1.153454,-35.110165,4.225564):(0.0,0.0)
r_foot:8:(-1.5,-2.0,2.5):(-1.971408,-1.941333,3.379964):(0.0,0.0)
r_leg2:11:(1.6,-35.0,3.4):(2.154764,-35.094471,4.226627):(0.0,0.0)
r_foot:10:(1.0,-2.0,2.5):(1.496059,-1.942239,3.366369):(0.0,0.0)
r_foot:6:(2.0,-2.0,1.0):(2.964741,-1.982488,1.262627):(0.0,0.0)
r_leg2:7:(2.8,-35.0,0.5):(3.796993,-35.041885,0.434781):(0.0,0.0)
r_foot:2:(2.0,-2.0,-2.0):(2.979926,-1.803008,-2.030752):(0.5,1.0)
Material:
(240,255,255,255)::
(255,225,200,255)::
FaceArray:
0,1,2:0
1,3,2:0
1,4,3:0
1,5,4:0
5,6,4:0
6,5,7:0
7,8,6:0
7,9,8:0
9,10,8:0
9,11,10:0
9,12,11:0
11,12,13:0
12,0,13:0
13,0,2:0
14,15,16:0
14,17,15:0
17,18,15:0
18,19,15:0
18,20,19:0
21,19,20:0
20,22,21:0
22,23,21:0
22,24,23:0
24,25,23:0
25,26,23:0
27,26,25:0
27,16,26:0
14,16,27:0
</>

<clothes_vp>
body:kaede.clothes1
l_breast:kaede.clothes_lb
r_breast:kaede.clothes_rb
l_arm1:kaede.l_clothes
r_arm1:kaede.r_clothes
waist:kaede.clothes2
DynamicVisual:
body:41:(-1.5,3.0,-7.2):(-1.931608,2.963075,-8.094633):(0.0,0.0)
body:42:(1.5,3.0,-7.2):(1.931608,2.963075,-8.094633):(0.0,0.0)
waist:5:(-1.5,-2.0,-7.2):(-1.931793,-1.999996,-8.095295):(0.0,0.0)
waist:6:(1.5,-2.0,-7.2):(1.931793,-1.999996,-8.095295):(0.0,0.0)
body:48:(-5.1,3.0,-7.0):(-5.063505,2.930180,-7.947626):(0.0,0.0)
body:74:(5.1,3.0,-7.0):(5.063505,2.930180,-7.947626):(0.0,0.0)
waist:8:(-5.1,-2.0,-7.0):(-5.070429,-1.999996,-7.950091):(1.0,1.0)
waist:9:(5.1,-2.0,-7.0):(5.070429,-1.999996,-7.950091):(0.0,0.0)
body:2:(5.5,3.0,6.0):(5.967953,2.970736,6.916858):(0.5,1.0)
waist:0:(5.5,-2.0,6.0):(5.968487,-1.999998,6.917045):(1.0,0.0)
body:3:(-5.5,3.0,6.0):(-5.967953,2.970736,6.916858):(1.0,1.0)
waist:1:(-5.5,-2.0,6.0):(-5.968487,-1.999998,6.917045):(0.5,0.0)
body:43:(-1.8,3.0,-6.9):(-2.555933,2.971731,-7.578239):(0.0,0.0)
waist:7:(-1.8,-2.0,-6.9):(-2.556216,-1.999996,-7.578522):(0.0,0.0)
body:18:(-5.2,3.0,-7.0):(-5.512356,2.929722,-7.887185):(0.0,0.0)
waist:2:(-5.2,-2.0,-7.0):(-5.513005,-1.999996,-7.889581):(0.5,1.0)
body:19:(-7.5,3.0,-5.0):(-8.275965,2.911747,-5.617535):(0.0,0.0)
waist:3:(-7.5,-2.0,-5.0):(-8.343926,-1.999996,-5.531352):(1.0,1.0)
body:20:(-9.0,3.0,0.0):(-9.966207,2.941316,0.120454):(0.0,0.0)
waist:4:(-9.0,-2.0,0.0):(-9.962930,-1.999996,0.172124):(0.0,0.0)
r_arm1:3:(1.0,-3.0,-3.0):(1.459540,-2.842851,-3.874144):(1.0,1.0)
r_arm1:2:(-2.0,1.0,-2.5):(-2.552689,1.381798,-3.240787):(0.5,1.0)
body:25:(-8.5,22.7,-0.1):(-9.078602,23.462032,-0.272440):(0.0,0.0)
body:11:(-9.0,18.5,-2.3):(-9.827703,18.730862,-2.710285):(0.0,0.0)
body:4:(-9.0,14.5,-1.0):(-9.965214,14.454130,-1.041171):(0.0,0.0)
r_arm1:4:(2.2,-5.0,0.0):(3.195297,-4.903131,0.000000):(0.0,0.0)
body:10:(-9.0,14.5,3.0):(-9.788061,14.346370,3.604764):(0.0,0.0)
r_arm1:6:(1.0,-3.0,3.0):(1.459540,-2.842851,3.874143):(0.0,0.0)
body:12:(-9.0,17.5,4.2):(-9.673718,17.396311,4.953199):(0.0,0.0)
r_arm1:5:(-2.0,1.0,2.5):(-2.552687,1.381798,3.240788):(0.0,0.0)
body:29:(-8.5,22.7,4.2):(-9.130355,23.267712,4.742045):(0.0,0.0)
r_arm1:0:(-3.0,2.0,0.0):(-3.894426,2.447214,0.000000):(1.0,0.0)
body:47:(-4.9,18.0,-5.5):(-4.857082,18.467237,-6.334128):(0.0,0.0)
r_breast:19:(1.6,2.8,-1.8):(1.761460,3.345938,-2.559504):(0.0,0.0)
r_breast:32:(-0.5,3.3,-1.6):(-0.395322,3.934204,-2.319608):(0.0,0.0)
body:0:(-1.3,17.0,-5.9):(-1.345809,17.461592,-6.758503):(1.0,0.0)
r_breast:17:(3.0,1.1,-2.3):(3.347675,1.489868,-3.173649):(0.0,0.0)
r_breast:22:(2.7,1.1,-2.3):(1.955719,1.282942,-2.966591):(0.0,0.0)
body:40:(-1.8,17.0,-5.8):(-2.521323,17.310257,-6.443629):(0.0,0.0)
body:36:(-1.5,17.0,-6.1):(-1.909417,17.390915,-6.918390):(0.0,0.0)
r_breast:21:(3.0,1.1,-2.6):(2.255719,1.282942,-3.266589):(0.0,0.0)
body:37:(1.5,17.0,-6.1):(1.909417,17.390915,-6.918390):(0.0,0.0)
l_breast:21:(-3.0,1.1,-2.6):(-2.255718,1.282942,-3.266588):(0.0,0.0)
body:5:(-5.0,18.0,-5.5):(-5.035596,18.408852,-6.360367):(0.0,0.0)
r_breast:31:(-0.6,3.3,-1.6):(-0.765679,3.946450,-2.287649):(0.0,0.0)
body:8:(-7.0,17.5,-5.0):(-7.542351,17.873716,-5.717859):(0.0,0.0)
r_breast:15:(-2.3,2.8,-1.1):(-2.733925,3.335261,-1.759648):(0.0,0.0)
body:152:(-8.7,16.0,-4.0):(-9.586866,16.180815,-4.378933):(0.0,0.0)
r_breast:13:(-3.7,1.3,-0.8):(-4.483250,1.665040,-1.309649):(0.0,0.0)
r_breast:5:(-4.4,-0.5,1.3):(-5.422347,-0.451904,1.154231):(0.0,0.0)
body:9:(-8.8,13.0,-3.0):(-9.766131,12.940916,-3.021357):(0.0,0.0)
body:151:(-8.3,9.5,-2.8):(-9.293623,9.457007,-2.936205):(0.0,0.0)
r_breast:6:(-4.0,-2.7,1.2):(-5.019317,-2.902838,1.060636):(0.0,0.0)
body:150:(-8.0,7.0,-5.0):(-8.906803,6.940640,-5.415697):(0.0,0.0)
r_breast:7:(-3.9,-2.5,-0.8):(-4.745951,-2.704923,-1.275650):(0.0,0.0)
r_breast:8:(-2.5,-2.5,-2.5):(-3.147544,-2.744639,-3.270258):(0.0,0.0)
body:143:(-5.2,7.0,-7.3):(-5.614918,6.926251,-8.142834):(0.0,0.0)
r_breast:38:(-0.9,-2.5,-3.5):(-1.112329,-2.806832,-4.370599):(0.0,0.0)
r_breast:37:(-0.8,-2.5,-3.5):(-0.733535,-2.816008,-4.398128):(0.0,0.0)
body:144:(-5.1,7.0,-7.3):(-5.060043,6.925218,-8.247236):(0.0,0.0)
r_breast:12:(1.3,-2.5,-3.3):(1.559924,-2.734227,-4.221935):(0.0,0.0)
body:148:(-1.5,8.0,-7.3):(-1.460043,7.932665,-8.247766):(0.0,0.0)
r_breast:11:(3.0,-2.5,-2.3):(3.437639,-2.758307,-3.173170):(0.0,0.0)
r_breast:30:(2.7,-2.5,-2.3):(1.958598,-2.703615,-2.963709):(0.0,0.0)
r_breast:29:(3.0,-2.5,-2.6):(2.258598,-2.703615,-3.263707):(0.0,0.0)
body:146:(-1.8,8.0,-7.1):(-2.555933,7.971731,-7.778239):(0.0,0.0)
body:145:(-1.5,8.0,-7.4):(-1.931608,7.963075,-8.294632):(0.0,0.0)
r_breast:27:(3.0,-0.8,-3.1):(2.243824,-0.810535,-3.778484):(0.0,0.0)
l_breast:27:(-3.0,-0.8,-3.1):(-2.243825,-0.810536,-3.778484):(0.0,0.0)
l_breast:29:(-3.0,-2.5,-2.6):(-2.258600,-2.703615,-3.263709):(0.0,0.0)
body:147:(1.5,8.0,-7.4):(1.931608,7.963075,-8.294632):(0.0,0.0)
r_breast:25:(4.2,0.5,-2.7):(3.229570,0.499998,-2.650096):(0.0,0.0)
l_breast:25:(-4.2,0.5,-2.7):(-3.229570,0.499998,-2.650096):(0.0,0.0)
r_breast:23:(4.2,0.5,-3.0):(3.229570,0.499998,-2.950096):(0.0,0.0)
l_breast:23:(-4.2,0.5,-3.0):(-3.229570,0.499998,-2.950096):(0.0,0.0)
r_breast:24:(4.2,-0.1,-3.1):(3.229570,-0.100000,-3.050097):(0.0,0.0)
l_breast:24:(-4.2,-0.1,-3.1):(-3.229570,-0.100000,-3.050097):(0.0,0.0)
r_breast:26:(4.2,-0.1,-2.8):(3.229570,-0.100000,-2.750096):(0.0,0.0)
l_breast:26:(-4.2,-0.1,-2.8):(-3.229570,-0.100000,-2.750096):(0.0,0.0)
body:175:(1.8,3.0,-6.9):(2.555933,2.971731,-7.578239):(0.0,0.0)
waist:60:(1.8,-2.0,-6.9):(2.556216,-1.999996,-7.578522):(0.0,0.0)
body:164:(5.2,3.0,-7.0):(5.512356,2.929722,-7.887185):(0.0,0.0)
waist:57:(5.2,-2.0,-7.0):(5.513005,-1.999996,-7.889581):(0.0,0.0)
body:165:(7.5,3.0,-5.0):(8.275965,2.911747,-5.617535):(0.0,0.0)
waist:58:(7.5,-2.0,-5.0):(8.343926,-1.999996,-5.531352):(0.0,0.0)
body:166:(9.0,3.0,0.0):(9.966207,2.941316,0.120454):(0.0,0.0)
waist:59:(9.0,-2.0,0.0):(9.962930,-1.999996,0.172124):(0.0,0.0)
body:167:(8.5,22.7,-0.1):(9.078602,23.462032,-0.272440):(0.0,0.0)
l_arm1:2:(2.0,1.0,-2.5):(2.552689,1.381798,-3.240787):(0.5,1.0)
l_arm1:3:(-1.0,-3.0,-3.0):(-1.459540,-2.842851,-3.874144):(1.0,1.0)
body:160:(9.0,18.5,-2.3):(9.827703,18.730862,-2.710285):(0.0,0.0)
body:153:(9.0,14.5,-1.0):(9.965214,14.454130,-1.041171):(0.0,0.0)
l_arm1:4:(-2.2,-5.0,0.0):(-3.195297,-4.903131,0.000000):(0.0,0.0)
body:159:(9.0,14.5,3.0):(9.788061,14.346370,3.604764):(0.0,0.0)
l_arm1:6:(-1.0,-3.0,3.0):(-1.459540,-2.842851,3.874143):(0.0,0.0)
body:161:(9.0,17.5,4.2):(9.673718,17.396311,4.953199):(0.0,0.0)
l_arm1:5:(2.0,1.0,2.5):(2.552687,1.381798,3.240787):(0.0,0.0)
body:171:(8.5,22.7,4.2):(9.130355,23.267712,4.742045):(0.0,0.0)
l_arm1:0:(3.0,2.0,0.0):(3.894426,2.447214,0.000000):(1.0,0.0)
l_breast:32:(0.5,3.3,-1.6):(0.395322,3.934204,-2.319608):(0.0,0.0)
l_breast:19:(-1.6,2.8,-1.8):(-1.761460,3.345938,-2.559504):(0.0,0.0)
body:179:(4.9,18.0,-5.5):(4.857082,18.467237,-6.334128):(0.0,0.0)
body:34:(1.3,17.0,-5.9):(1.345809,17.461592,-6.758503):(0.0,0.0)
l_breast:17:(-3.0,1.1,-2.3):(-3.347675,1.489868,-3.173648):(0.0,0.0)
body:174:(1.8,17.0,-5.8):(2.521323,17.310257,-6.443629):(0.0,0.0)
l_breast:22:(-2.7,1.1,-2.3):(-1.955718,1.282942,-2.966590):(0.0,0.0)
l_breast:31:(0.6,3.3,-1.6):(0.765679,3.946450,-2.287649):(0.0,0.0)
body:154:(5.0,18.0,-5.5):(5.035596,18.408852,-6.360367):(0.0,0.0)
l_breast:15:(2.3,2.8,-1.1):(2.733926,3.335261,-1.759648):(0.0,0.0)
body:157:(7.0,17.5,-5.0):(7.542351,17.873716,-5.717859):(0.0,0.0)
body:220:(8.7,16.0,-4.0):(9.586866,16.180815,-4.378933):(0.0,0.0)
l_breast:13:(3.7,1.3,-0.8):(4.483250,1.665040,-1.309649):(0.0,0.0)
l_breast:5:(4.4,-0.5,1.3):(5.423312,-0.452371,1.161799):(0.0,0.0)
body:158:(8.8,13.0,-3.0):(9.766131,12.940916,-3.021357):(0.0,0.0)
body:219:(8.3,9.5,-2.8):(9.293623,9.457007,-2.936205):(0.0,0.0)
body:218:(8.0,7.0,-5.0):(8.906803,6.940640,-5.415697):(0.0,0.0)
l_breast:6:(4.0,-2.7,1.2):(5.020816,-2.903772,1.075511):(0.0,0.0)
l_breast:7:(3.9,-2.5,-0.8):(4.748006,-2.705517,-1.271300):(0.0,0.0)
l_breast:8:(2.5,-2.5,-2.5):(3.147543,-2.744639,-3.270258):(0.0,0.0)
body:215:(5.2,7.0,-7.3):(5.614918,6.926251,-8.142834):(0.0,0.0)
l_breast:38:(0.9,-2.5,-3.5):(1.112330,-2.806832,-4.370598):(0.0,0.0)
l_breast:37:(0.8,-2.5,-3.5):(0.733535,-2.816008,-4.398128):(0.0,0.0)
body:216:(5.1,7.0,-7.3):(5.060043,6.925218,-8.247236):(0.0,0.0)
l_breast:12:(-1.3,-2.5,-3.3):(-1.559924,-2.734227,-4.221935):(0.0,0.0)
body:149:(1.5,8.0,-7.3):(1.460043,7.932665,-8.247766):(0.0,0.0)
l_breast:11:(-3.0,-2.5,-2.3):(-3.437639,-2.758306,-3.173170):(0.0,0.0)
body:217:(1.8,8.0,-7.1):(2.555933,7.971731,-7.778239):(0.0,0.0)
l_breast:30:(-2.7,-2.5,-2.3):(-1.958600,-2.703615,-2.963711):(0.0,0.0)
Material:
(240,255,255,255)::
(230,230,255,255)::
FaceArray:
0,1,2:0
1,3,2:0
4,5,6:0
5,7,6:0
8,10,9:0
9,10,11:0
2,12,0:0
2,13,12:0
6,14,4:1
6,15,14:1
15,16,14:0
15,17,16:0
17,18,16:0
19,18,17:0
19,10,18:0
11,10,19:0
20,21,22:0
22,23,20:0
23,24,20:0
24,25,20:0
24,26,25:0
26,27,25:0
26,28,27:0
28,29,27:0
30,29,28:0
31,29,30:0
31,30,22:0
22,21,31:0
32,33,34:0
32,35,33:0
33,35,36:0
37,38,39:0
39,40,37:0
39,41,40:0
40,41,42:0
43,32,44:1
44,32,34:1
45,43,46:0
46,43,44:0
47,45,46:0
46,48,47:0
47,48,49:0
49,50,47:0
50,49,51:0
51,52,53:0
52,54,53:0
54,55,53:0
53,55,56:0
55,57,56:0
57,58,56:1
58,59,56:1
58,60,59:0
60,61,59:0
60,62,61:0
63,64,65:0
64,66,65:0
51,49,52:0
40,42,67:0
67,42,68:0
67,68,64:0
64,68,69:0
64,69,66:0
66,69,70:0
71,72,73:0
73,72,74:0
73,74,75:0
75,74,76:0
75,76,77:0
77,76,78:0
1,79,3:0
79,80,3:0
5,81,7:1
81,82,7:1
81,83,82:0
83,84,82:0
83,85,84:0
84,85,86:0
85,8,86:0
86,8,9:0
87,88,89:0
89,90,87:0
89,91,90:0
89,92,91:0
92,93,91:0
92,94,93:0
94,95,93:0
94,96,95:0
95,96,97:0
97,96,98:0
87,97,98:0
98,88,87:0
99,100,101:0
100,102,101:0
103,102,100:0
41,104,105:0
105,42,41:0
106,101,107:1
99,101,106:1
108,107,109:0
106,107,108:0
108,109,110:0
110,111,108:0
112,111,110:0
110,113,112:0
114,112,113:0
115,116,114:0
115,117,116:0
115,118,117:0
119,118,115:0
119,120,118:0
119,121,120:1
119,122,121:1
122,123,121:0
122,124,123:0
124,125,123:0
126,69,127:0
126,70,69:0
116,112,114:0
</>

<skirtA_vp>
waist:::kaede.skirta
skirt_f:waist:(0.0,-12.0,-3.0):kaede.skirta_f
DynamicVisual:
waist:25:(-12.5,-14.0,0.0):(-13.413931,-13.706035,0.202819):(0.0,0.0)
skirt_f:6:(-9.0,-4.0,-3.9):(-9.509645,-3.854826,-4.679655):(0.0,0.0)
waist:27:(-14.5,-24.0,0.0):(-13.783083,-24.641905,0.389786):(0.0,0.0)
skirt_f:4:(-11.0,-12.0,-4.0):(-11.464569,-11.899246,-4.813620):(0.0,0.0)
waist:22:(-8.5,-8.0,-6.0):(-9.183522,-7.504269,-6.445826):(0.0,0.0)
skirt_f:0:(-5.0,-4.0,-6.5):(-5.309673,-3.909361,-7.386416):(1.0,0.0)
waist:8:(-5.0,-8.0,-7.5):(-5.152434,-7.560256,-8.329583):(0.0,0.0)
waist:17:(-5.0,-8.0,-6.5):(-4.645205,-8.918442,-6.224940):(0.0,0.0)
skirt_f:2:(-5.0,-12.0,-7.0):(-5.199803,-11.939284,-7.921538):(0.5,1.0)
waist:16:(5.0,-8.0,-6.5):(4.645205,-8.918442,-6.224940):(0.0,0.0)
skirt_f:3:(5.0,-12.0,-7.0):(5.199803,-11.939284,-7.921538):(1.0,1.0)
skirt_f:1:(5.0,-4.0,-6.5):(5.309673,-3.909361,-7.386416):(0.5,0.0)
waist:9:(5.0,-8.0,-7.5):(5.152434,-7.560256,-8.329583):(0.0,0.0)
waist:37:(14.5,-24.0,0.0):(13.783083,-24.641905,0.389786):(0.0,0.0)
skirt_f:7:(9.0,-4.0,-3.9):(9.509645,-3.854826,-4.679655):(0.0,0.0)
waist:35:(12.5,-14.0,0.0):(13.413931,-13.706035,0.202819):(0.0,0.0)
skirt_f:5:(11.0,-12.0,-4.0):(11.464569,-11.899246,-4.813620):(0.0,0.0)
waist:32:(8.5,-8.0,-6.0):(9.183522,-7.504269,-6.445826):(0.0,0.0)
Material:
(0,0,127,255)::
FaceArray:
0,1,2:0
1,3,2:0
0,4,1:0
1,4,5:0
5,4,6:0
7,2,3:0
3,8,7:0
9,7,8:0
8,10,9:0
5,6,11:0
11,6,12:0
13,14,15:0
13,16,14:0
14,17,15:0
11,17,14:0
12,17,11:0
16,13,9:0
9,10,16:0
</>
