<frame>
class:human.female
body::(0.0,0.0,0.0):(0.0,0.0,0.0):HPb:(1.1,1.07,1.1)
head:body:(0.0,31.0,1.0):(0.0,0.0,0.0):HPb:
l_breast:body:(4.5,13.0,-5.5):(0.0,0.0,0.0):---:(1.05,1.05,0.8)
r_breast:body:(-4.5,13.0,-5.5):(0.0,0.0,0.0):---:(1.05,1.05,0.8)
l_arm1:body:(9.0,19.0,1.5):(0.0,0.0,0.0):bPh:(1.1,1.07,1.1)
l_arm2:l_arm1:(0.5,-19.0,0.2):(0.0,0.0,0.0):HPB:(1.1,1.07,1.1)
l_hand:l_arm2:(0.0,-18.0,0.2):(0.0,0.0,0.0):Hbp:(1.1,1.1,1.1)
r_arm1:body:(-9.0,19.0,1.5):(0.0,0.0,0.0):bPh:(1.1,1.07,1.1)
r_arm2:r_arm1:(-0.5,-19.0,0.2):(0.0,0.0,0.0):HPB:(1.1,1.07,1.1)
r_hand:r_arm2:(0.0,-18.0,0.2):(0.0,0.0,0.0):Hbp:(1.1,1.1,1.1)
waist:body:(0.0,0.0,0.0):(0.0,0.0,0.0):HPB:(1.1,1.07,1.1)
l_leg1:waist:(3.5,-14.5,0.0):(0.0,0.0,0.0):bPh:(1.1,1.08,1.1)
l_leg2:l_leg1:(1.5,-35.5,1.5):(0.0,0.0,0.0):bPh:(1.1,1.08,1.1)
l_foot:l_leg2:(-0.5,-38.0,0.5):(0.0,0.0,0.0):HPB:(1.1,1.1,1.1)
r_leg1:waist:(-3.5,-14.5,0.0):(0.0,0.0,0.0):bPh:(1.1,1.08,1.1)
r_leg2:r_leg1:(-1.5,-35.5,1.5):(0.0,0.0,0.0):bPh:(1.1,1.08,1.1)
r_foot:r_leg2:(0.5,-38.0,0.5):(0.0,0.0,0.0):HPB:(1.1,1.1,1.1)
</>

<skin>
1,0,0,0,0,0,0:kohaku.head
0,1,0,0,0,0,0:female.body
0,0,1,0,0,0,0:female.arms
0,0,0,2,0,0,0:female.l_hand
0,0,0,1,0,0,0:female.r_hand
0,0,0,0,1,0,0:female.waist
0,0,0,0,0,1,0:female.legs
0,0,0,0,0,0,1:female.foots
</>

<defaultcos>
kohaku.kimono
kohaku.apron
kohaku.tabi
kohaku.sandals
</>

<kimono>
class:human.female
0,3,3,0,2,0,0:kohaku.kimono_vp
</>

<apron>
class:human.female
0,4,0,0,4,0,0:kohaku.apron_vp
</>

<tabi>
class:human.
0,0,0,0,0,0,1:kohaku.tabi_vp
</>

<sandals>
class:human.
0,0,0,0,0,0,2:kohaku.sandals_vp
</>

<trainer>
class:human.female
0,3,3,0,0,0,0:kohaku.trainer_vp
</>

<skirt>
class:human.
0,0,0,0,2,0,0:kohaku.skirt_vp
</>

<shoesA>
class:human.
0,0,0,0,1,1,3:kohaku.shoesA_vp
</>


<head>
head:kohaku.head
</>

<sandals_vp>
l_foot:kohaku.l_sandal
r_foot:kohaku.r_sandal
</>

<kimono_vp>
body:kohaku.kimono
l_breast:kohaku.kimono_lb
r_breast:kohaku.kimono_rb
l_arm1:kohaku.l_kimono1
l_arm2:kohaku.l_kimono2
r_arm1:kohaku.r_kimono1
r_arm2:kohaku.r_kimono2
waist:kohaku.kimono2
skirt_f:waist:(0.0,-12.0,-3.0):kohaku.kimono_f
skirt_f2:skirt_f:(0.0,-35.0,-8.0):kohaku.kimono_f2
skirt_r:waist:(0.0,-20.0,10.0):kohaku.kimono_r
skirt_r2:skirt_r:(0.0,-35.0,5.0):kohaku.kimono_r2
DynamicVisual:
r_arm1:15:(-2.9,0.8,0.0):(-3.794427,1.247213,0.000000):(0.0,0.0)
body:75:(-8.5,22.7,4.0):(-9.027940,23.426336,4.451926):(0.0,0.0)
body:74:(-8.5,22.7,0.0):(-9.015278,23.511515,-0.161260):(0.0,0.0)
r_arm1:16:(-1.7,-0.2,-2.0):(-2.135732,0.017865,-2.873312):(0.0,0.0)
body:80:(-9.0,18.5,-2.2):(-9.773115,18.823942,-2.650850):(0.0,0.0)
r_arm1:19:(1.0,-4.0,-2.4):(1.352349,-4.176175,-3.319137):(0.0,0.0)
body:86:(-8.5,14.5,-1.0):(-9.469889,14.470984,-0.934945):(0.0,0.0)
r_arm1:21:(2.6,-5.0,0.0):(3.494427,-5.447213,0.000000):(0.0,0.0)
body:95:(-8.5,14.5,3.0):(-9.260776,14.281253,3.622175):(0.0,0.0)
r_arm1:32:(1.0,-4.0,2.4):(1.352350,-4.176174,3.319137):(0.0,0.0)
body:123:(-9.0,17.2,4.0):(-9.690637,17.049849,4.727216):(0.0,0.0)
r_arm1:30:(-1.7,-0.2,2.0):(-2.135732,0.017865,2.873312):(0.0,0.0)
r_arm2:2:(2.0,-2.2,-2.0):(1.692538,-1.266494,-2.184478):(0.5,1.0)
r_arm2:1:(-2.0,-2.2,-2.0):(-1.692538,-1.266494,-2.184478):(0.5,0.0)
r_arm1:13:(1.5,-17.5,-2.3):(2.046939,-17.555069,-3.135360):(0.0,0.0)
r_arm1:12:(-2.5,-17.5,-2.3):(-3.195401,-17.544725,-3.017229):(0.0,0.0)
r_arm2:0:(-3.0,-0.5,0.0):(-3.917123,-0.114881,-0.102797):(1.0,0.0)
r_arm1:11:(-3.5,-17.5,0.0):(-4.495150,-17.562195,-0.076211):(0.0,0.0)
r_arm2:4:(-2.0,1.0,4.0):(-2.623352,1.520870,4.583205):(0.0,0.0)
r_arm1:28:(-2.5,-17.5,3.8):(-3.274061,-17.547197,4.431350):(0.0,0.0)
r_arm2:5:(2.0,1.0,4.0):(2.623351,1.520870,4.583205):(0.0,0.0)
r_arm1:29:(1.5,-17.5,3.8):(2.108930,-17.557838,4.591114):(0.0,0.0)
r_arm2:3:(3.0,-0.5,0.0):(3.917123,-0.114881,-0.102797):(1.0,1.0)
r_arm1:14:(2.5,-17.5,0.0):(3.495197,-17.566494,-0.071855):(0.0,0.0)
r_breast:0:(-2.0,3.0,-1.2):(-2.399999,3.564877,-1.854643):(1.0,0.0)
body:82:(-6.5,18.0,-5.5):(-6.922535,18.548027,-6.153848):(0.0,0.0)
body:83:(-2.3,17.3,-6.0):(-2.262012,17.817760,-6.805583):(0.0,0.0)
r_breast:1:(1.2,2.8,-1.8):(1.286736,3.437084,-2.518772):(0.5,0.0)
r_breast:7:(-3.7,1.6,-0.9):(-4.369788,1.884249,-1.505911):(0.0,0.0)
body:84:(-8.6,15.9,-4.5):(-9.542295,16.007935,-4.659402):(0.0,0.0)
r_breast:8:(-4.4,-0.5,-0.5):(-5.194794,-0.580907,-1.010329):(0.0,0.0)
body:85:(-8.6,12.5,-3.0):(-9.569324,12.453677,-2.956734):(0.0,0.0)
r_breast:13:(-3.8,-2.8,-0.5):(-4.601460,-3.016788,-0.962323):(0.0,0.0)
body:89:(-8.0,9.0,-3.5):(-8.947533,8.817765,-3.559797):(0.0,0.0)
body:92:(-7.5,8.0,-5.5):(-8.177750,7.432999,-5.872211):(0.0,0.0)
r_breast:12:(-2.7,-3.0,-2.2):(-3.307548,-3.261919,-2.874979):(0.0,0.0)
body:93:(-5.0,8.0,-7.0):(-5.214211,7.566288,-7.817530):(0.0,0.0)
r_breast:10:(-0.5,-3.1,-2.9):(-0.557971,-3.477731,-3.771854):(0.0,0.0)
body:94:(-3.3,8.0,-7.0):(-3.270423,7.552794,-7.844516):(0.0,0.0)
r_breast:11:(0.5,-3.1,-2.9):(0.796755,-3.480212,-3.735555):(0.0,0.0)
r_breast:18:(2.5,-1.0,-3.0):(2.973192,-1.126610,-3.837318):(0.0,0.0)
r_breast:21:(3.3,1.4,-2.1):(3.707831,1.737586,-2.912048):(0.0,0.0)
body:257:(-8.0,-2.0,0.0):(-8.969662,-1.999994,0.088935):(0.0,0.0)
body:258:(-5.0,-2.0,-6.5):(-5.509376,-1.999992,-7.292425):(0.0,0.0)
waist:20:(-6.0,-5.0,-7.5):(-5.970422,-5.999992,-7.450089):(0.0,0.0)
waist:19:(-9.0,-5.0,0.0):(-8.970423,-5.999994,0.049905):(0.0,0.0)
body:264:(5.0,-2.0,-6.5):(5.509376,-1.999992,-7.292425):(0.0,0.0)
waist:22:(6.0,-5.0,-7.5):(5.970422,-5.999992,-7.450089):(0.0,0.0)
body:256:(-5.2,-2.0,5.0):(-5.676089,-1.999994,5.912634):(0.0,0.0)
waist:18:(-6.0,-5.0,6.5):(-5.970423,-5.999994,6.549905):(0.0,0.0)
body:262:(5.2,-2.0,5.0):(5.676089,-1.999994,5.912634):(0.0,0.0)
waist:21:(6.0,-5.0,6.5):(5.970423,-5.999994,6.549905):(0.0,0.0)
waist:4:(0.0,-17.0,9.5):(0.000000,-16.761209,10.422115):(0.0,0.0)
waist:5:(-7.5,-17.0,8.5):(-8.010031,-16.739126,9.260533):(0.0,0.0)
skirt_r:1:(-8.0,-4.0,-0.5):(-8.109364,-3.848000,0.434119):(0.5,0.0)
skirt_r:0:(0.0,-4.0,0.5):(0.008672,-3.846973,1.441524):(1.0,0.0)
skirt_r:2:(0.0,-32.0,5.7):(0.008672,-31.846975,6.641526):(0.5,1.0)
skirt_r:3:(-7.0,-32.0,4.7):(-7.109366,-31.848001,5.634121):(1.0,1.0)
skirt_r2:1:(-7.0,-3.0,-0.2):(-7.128773,-3.025002,0.747448):(0.5,0.0)
skirt_r2:0:(0.0,-3.0,0.8):(0.000000,-3.025002,1.757539):(1.0,0.0)
waist:6:(-10.0,-9.0,-0.0):(-10.908249,-8.677332,0.132461):(0.0,0.0)
skirt_f:6:(-11.5,-4.0,1.9):(-12.308083,-4.002676,1.287024):(0.0,0.0)
skirt_f:7:(-11.5,-27.0,1.0):(-12.310667,-27.001112,0.390830):(0.0,0.0)
skirt_f2:7:(-10.0,-35.0,7.9):(-10.571132,-35.741291,7.475661):(0.0,0.0)
skirt_r2:3:(-7.0,-27.0,-0.2):(-7.087276,-27.732109,0.457509):(1.0,1.0)
waist:7:(-6.0,-9.0,-7.5):(-6.716143,-8.753525,-8.170792):(0.0,0.0)
waist:8:(6.0,-9.0,-7.5):(6.638582,-8.725685,-8.239587):(0.0,0.0)
skirt_f:1:(6.5,-3.0,-6.0):(7.121994,-2.982025,-6.813866):(0.5,0.0)
skirt_f:0:(-6.5,-3.0,-6.0):(-7.242947,-2.991790,-6.696368):(1.0,0.0)
waist:25:(-5.9,-9.0,-6.8):(-6.863091,-8.857686,-6.703041):(0.0,0.0)
skirt_f:8:(-6.4,-3.0,-5.3):(-7.376663,-3.052768,-5.201099):(0.0,0.0)
waist:24:(-5.9,-9.0,-6.9):(-6.721623,-8.731783,-7.408930):(0.0,0.0)
skirt_f:4:(-6.4,-3.0,-5.4):(-7.210671,-3.001111,-6.009169):(0.0,0.0)
skirt_f:5:(-5.9,-31.0,-7.4):(-6.713240,-30.999548,-8.005349):(0.0,0.0)
skirt_f2:6:(-5.9,-3.0,0.1):(-6.723779,-3.051148,-0.489528):(0.0,0.0)
skirt_f:9:(-5.9,-31.0,-7.3):(-6.876663,-31.052771,-7.201099):(0.0,0.0)
skirt_f:2:(-6.0,-31.0,-8.0):(-6.742947,-30.991793,-8.696365):(0.5,1.0)
skirt_f2:0:(-6.0,-3.0,-0.5):(-6.742158,-3.048597,-1.197695):(1.0,0.0)
skirt_f2:2:(-5.9,-3.0,0.2):(-6.876572,-3.055923,0.298888):(0.5,1.0)
skirt_f2:1:(6.0,-3.0,-0.5):(6.481172,-3.040442,-1.411748):(0.5,0.0)
skirt_f:3:(6.0,-31.0,-8.0):(6.472364,-30.971331,-8.915181):(1.0,1.0)
waist:33:(5.0,-9.0,-6.0):(4.526345,-9.243135,-5.182161):(0.0,0.0)
waist:34:(-5.0,-9.0,-6.0):(-4.526345,-9.243135,-5.182161):(0.0,0.0)
skirt_f:13:(5.5,-3.0,-4.5):(4.891338,-3.075997,-3.740923):(0.0,0.0)
skirt_f:12:(-5.5,-3.0,-4.5):(-4.891338,-3.075997,-3.740923):(0.0,0.0)
skirt_f:14:(-10.5,-4.0,2.0):(-9.692789,-4.051388,2.564478):(0.0,0.0)
waist:16:(-9.0,-9.0,-0.0):(-8.043057,-9.354193,-0.063193):(0.0,0.0)
waist:15:(-6.5,-17.0,8.0):(-6.042378,-17.350203,7.122985):(0.0,0.0)
skirt_r:6:(-7.5,-4.0,-2.0):(-7.487095,-4.217745,-3.023714):(0.0,0.0)
skirt_f:17:(-10.5,-27.0,1.0):(-9.679090,-27.058533,1.545760):(0.0,0.0)
skirt_r:8:(-6.5,-32.0,3.5):(-6.487095,-32.217747,2.476286):(0.0,0.0)
skirt_f2:10:(-5.5,-3.0,1.5):(-5.017924,-3.030606,2.340620):(0.0,0.0)
skirt_f:15:(-5.5,-31.0,-6.5):(-5.023745,-31.088139,-5.658546):(0.0,0.0)
skirt_f:16:(5.5,-31.0,-6.5):(5.023745,-31.088139,-5.658546):(0.0,0.0)
skirt_f2:11:(5.5,-3.0,1.5):(5.017924,-3.030606,2.340620):(0.0,0.0)
skirt_f2:14:(-9.0,-35.0,7.9):(-8.394974,-35.724522,8.257611):(0.0,0.0)
skirt_r2:7:(-6.5,-3.0,-1.5):(-6.487095,-3.025002,-2.542465):(0.0,0.0)
skirt_r2:9:(-6.5,-27.0,-1.5):(-6.487095,-27.919428,-1.989679):(0.0,0.0)
skirt_r:9:(6.5,-32.0,3.5):(6.487095,-32.217747,2.476286):(0.0,0.0)
skirt_r2:6:(6.5,-3.0,-1.5):(6.487095,-3.025002,-2.542465):(0.0,0.0)
waist:14:(6.5,-17.0,8.0):(6.042378,-17.350203,7.122985):(0.0,0.0)
skirt_r:7:(7.5,-4.0,-2.0):(7.487095,-4.217745,-3.023714):(0.0,0.0)
body:179:(2.3,17.3,-6.0):(2.262012,17.817760,-6.805583):(0.0,0.0)
body:178:(6.5,18.0,-5.5):(6.922535,18.548027,-6.153848):(0.0,0.0)
l_breast:7:(2.0,3.0,-1.2):(2.399999,3.564877,-1.854643):(0.0,0.0)
l_breast:8:(-1.2,2.8,-1.8):(-1.286736,3.437084,-2.518772):(0.0,0.0)
body:180:(8.6,15.9,-4.5):(9.542295,16.007935,-4.659402):(0.0,0.0)
l_breast:14:(3.7,1.6,-0.9):(4.369788,1.884249,-1.505911):(0.0,0.0)
l_breast:15:(4.4,-0.5,-0.5):(5.194794,-0.580907,-1.010329):(0.0,0.0)
body:181:(8.6,12.5,-3.0):(9.569324,12.453677,-2.956734):(0.0,0.0)
l_breast:20:(3.8,-2.8,-0.5):(4.601460,-3.016788,-0.962323):(0.0,0.0)
body:184:(8.0,9.0,-3.5):(8.947533,8.817765,-3.559797):(0.0,0.0)
body:187:(7.5,8.0,-5.5):(8.177750,7.432999,-5.872211):(0.0,0.0)
l_breast:19:(2.7,-3.0,-2.2):(3.307548,-3.261919,-2.874979):(0.0,0.0)
body:188:(5.0,8.0,-7.0):(5.214211,7.566288,-7.817530):(0.0,0.0)
l_breast:17:(0.5,-3.1,-2.9):(0.619197,-3.448218,-3.775620):(0.0,0.0)
body:114:(3.3,8.0,-7.0):(3.270423,7.552794,-7.844516):(0.0,0.0)
l_breast:18:(-0.5,-3.1,-2.9):(-0.737578,-3.459002,-3.759951):(0.0,0.0)
l_breast:5:(-2.5,-1.0,-3.0):(-2.835569,-0.960123,-3.901289):(0.0,0.0)
l_breast:6:(-3.3,1.4,-2.1):(-3.615874,1.745934,-2.943609):(0.0,0.0)
body:263:(8.0,-2.0,0.0):(8.969662,-1.999994,0.088935):(0.0,0.0)
waist:32:(9.0,-5.0,0.0):(8.970423,-5.999994,0.049905):(0.0,0.0)
skirt_r:4:(8.0,-4.0,-0.5):(8.126559,-3.849009,0.431995):(0.0,0.0)
waist:28:(7.5,-17.0,8.5):(8.010031,-16.739126,9.260533):(0.0,0.0)
skirt_r2:4:(7.0,-3.0,-0.2):(7.128773,-3.025002,0.747448):(0.0,0.0)
skirt_r:5:(7.0,-32.0,4.7):(7.126561,-31.849010,5.631997):(0.0,0.0)
skirt_f:10:(11.5,-4.0,1.9):(12.333082,-4.004151,1.324737):(0.0,0.0)
waist:29:(10.0,-9.0,-0.0):(10.905992,-8.678024,0.145238):(0.0,0.0)
skirt_f:11:(11.5,-27.0,1.0):(12.334369,-27.003275,0.426827):(0.0,0.0)
skirt_f2:9:(10.0,-35.0,7.9):(10.586494,-35.741535,7.500746):(0.0,0.0)
skirt_r2:5:(7.0,-27.0,-0.2):(7.087276,-27.732109,0.457509):(0.0,0.0)
skirt_f:18:(10.5,-4.0,2.0):(9.692789,-4.051388,2.564478):(0.0,0.0)
waist:31:(9.0,-9.0,-0.0):(8.043057,-9.354193,-0.063193):(0.0,0.0)
skirt_f:19:(10.5,-27.0,1.0):(9.679090,-27.058533,1.545760):(0.0,0.0)
skirt_f2:15:(9.0,-35.0,7.9):(8.394974,-35.724522,8.257611):(0.0,0.0)
skirt_r2:8:(6.5,-27.0,-1.5):(6.487095,-27.919428,-1.989679):(0.0,0.0)
body:67:(-2.3,17.3,-5.7):(-3.226093,16.922705,-5.699999):(0.0,0.0)
body:45:(-2.3,17.3,-6.2):(-2.766663,17.600985,-7.031645):(0.0,0.0)
r_breast:20:(3.3,1.4,-1.7):(2.299999,1.400002,-1.700000):(0.0,0.0)
r_breast:19:(3.3,1.4,-2.2):(2.299999,1.400002,-2.199999):(0.0,0.0)
body:40:(0.2,17.4,-6.0):(0.830758,17.943262,-6.554085):(0.0,0.0)
r_breast:15:(3.3,1.4,-1.9):(2.351317,1.716229,-1.899999):(0.0,0.0)
body:106:(-0.2,17.4,-5.9):(-1.136329,17.751125,-5.899999):(0.0,0.0)
body:105:(-0.2,17.4,-6.2):(-0.802207,17.960712,-6.768286):(0.0,0.0)
r_breast:14:(3.3,1.4,-2.4):(2.660398,1.826403,-3.039599):(0.0,0.0)
l_breast:0:(-3.2,1.4,-2.4):(-2.251316,1.083774,-2.399997):(1.0,0.0)
body:102:(2.3,17.3,-6.2):(2.791191,17.593172,-7.020232):(0.0,0.0)
l_breast:1:(-3.2,1.4,-1.9):(-2.251316,1.083774,-1.900000):(0.5,0.0)
body:166:(2.3,17.3,-5.7):(3.220968,16.910362,-5.699999):(0.0,0.0)
r_breast:22:(4.0,-1.0,-3.2):(4.000000,-0.683772,-4.148682):(0.0,0.0)
l_breast:2:(-4.0,-1.0,-3.2):(-3.051316,-1.316228,-3.199999):(0.5,1.0)
r_breast:17:(2.5,-1.0,-2.7):(1.551317,-0.683772,-2.699999):(0.0,0.0)
r_breast:16:(2.5,-1.0,-3.2):(1.860398,-0.573598,-3.839601):(0.0,0.0)
body:109:(-3.3,8.0,-6.7):(-4.257825,8.287349,-6.700000):(0.0,0.0)
body:108:(-3.3,8.0,-7.2):(-3.747898,7.787031,-8.068347):(0.0,0.0)
body:110:(-0.8,8.0,-7.2):(-0.156196,7.557229,-7.824073):(0.0,0.0)
l_breast:3:(-4.0,-1.0,-2.7):(-3.051316,-1.316228,-2.700000):(0.0,0.0)
body:111:(-0.8,8.0,-6.7):(0.157827,7.712652,-6.700001):(0.0,0.0)
l_breast:4:(-4.0,-1.0,-3.0):(-4.029577,-0.648870,-3.886420):(0.0,0.0)
body:115:(-0.8,8.0,-7.0):(-0.829577,7.552794,-7.844516):(0.0,0.0)
body:170:(8.5,22.7,0.0):(9.015278,23.511515,-0.161260):(0.0,0.0)
body:171:(8.5,22.7,4.0):(9.027940,23.426336,4.451926):(0.0,0.0)
l_arm1:15:(2.9,0.8,0.0):(3.794425,1.247216,0.000000):(0.0,0.0)
l_arm1:16:(1.7,-0.2,-2.0):(2.135731,0.017866,-2.873312):(0.0,0.0)
body:176:(9.0,18.5,-2.2):(9.773115,18.823942,-2.650850):(0.0,0.0)
l_arm1:19:(-1.0,-4.0,-2.4):(-1.352350,-4.176173,-3.319137):(0.0,0.0)
body:182:(8.5,14.5,-1.0):(9.469889,14.470984,-0.934945):(0.0,0.0)
l_arm1:21:(-2.6,-5.0,0.0):(-3.494427,-5.447212,0.000000):(0.0,0.0)
body:189:(8.5,14.5,3.0):(9.260776,14.281253,3.622175):(0.0,0.0)
l_arm1:32:(-1.0,-4.0,2.4):(-1.352349,-4.176175,3.319137):(0.0,0.0)
body:196:(9.0,17.2,4.0):(9.690637,17.049847,4.727216):(0.0,0.0)
l_arm1:30:(1.7,-0.2,2.0):(2.135731,0.017866,2.873312):(0.0,0.0)
l_arm1:13:(-1.5,-17.5,-2.3):(-2.046939,-17.555069,-3.135360):(0.0,0.0)
l_arm2:1:(2.0,-2.2,-2.0):(1.692538,-1.266494,-2.184478):(0.5,0.0)
l_arm2:2:(-2.0,-2.2,-2.0):(-1.692538,-1.266494,-2.184478):(0.5,1.0)
l_arm1:12:(2.5,-17.5,-2.3):(3.195401,-17.544725,-3.017229):(0.0,0.0)
l_arm2:0:(3.0,-0.5,0.0):(3.917124,-0.114881,-0.102797):(1.0,0.0)
l_arm1:11:(3.5,-17.5,0.0):(4.495150,-17.562195,-0.076211):(0.0,0.0)
l_arm2:4:(2.0,1.0,4.0):(2.623351,1.520870,4.583206):(0.0,0.0)
l_arm1:28:(2.5,-17.5,3.8):(3.274061,-17.547197,4.431351):(0.0,0.0)
l_arm2:5:(-2.0,1.0,4.0):(-2.623351,1.520870,4.583206):(0.0,0.0)
l_arm1:29:(-1.5,-17.5,3.8):(-2.108930,-17.557838,4.591114):(0.0,0.0)
l_arm2:3:(-3.0,-0.5,0.0):(-3.917124,-0.114881,-0.102797):(1.0,1.0)
l_arm1:14:(-2.5,-17.5,0.0):(-3.495196,-17.566494,-0.071855):(0.0,0.0)
Material:
(96,72,72,255)::
(160,100,120,255)::
FaceArray:
0,1,2:0
0,2,3:0
3,2,4:0
3,4,5:0
5,4,6:0
5,6,7:0
7,6,8:0
7,8,9:0
9,8,10:0
10,11,9:0
11,10,1:0
11,1,0:0
12,13,14:0
13,15,14:0
16,15,13:0
16,17,15:0
16,18,17:0
18,19,17:0
18,20,19:0
20,21,19:0
20,22,21:0
22,23,21:0
22,12,23:0
12,14,23:0
24,25,26:0
24,26,27:0
28,29,24:0
24,29,25:0
28,30,29:0
29,30,31:0
30,32,31:0
32,33,31:0
32,34,33:0
32,35,34:0
35,36,34:0
35,37,36:0
37,38,36:0
37,39,38:0
39,40,38:0
27,26,41:0
42,43,44:0
44,45,42:0
43,46,47:0
47,44,43:0
48,42,45:0
45,49,48:0
50,48,49:0
49,51,50:0
52,53,54:0
52,54,55:0
56,57,58:0
56,58,59:0
53,60,61:0
53,61,54:0
54,61,62:0
54,62,57:0
57,62,63:0
57,63,58:0
58,63,64:0
65,66,67:0
67,68,65:0
69,65,68:0
69,68,70:0
60,71,61:0
71,72,61:0
62,73,74:0
75,76,77:0
75,77,78:0
62,74,63:0
76,79,77:0
76,80,79:0
81,82,83:0
83,82,84:0
84,82,85:0
85,82,86:0
85,86,87:0
85,87,88:0
85,88,89:0
89,88,90:0
89,91,92:0
93,92,91:0
93,91,94:0
91,89,95:0
95,89,90:0
90,96,95:0
96,97,95:0
90,98,96:0
96,98,99:0
95,97,63:0
63,97,64:0
88,87,100:0
88,100,101:0
102,103,104:0
105,102,104:0
104,106,107:0
103,106,104:0
106,108,107:0
109,108,106:0
109,110,108:0
109,111,110:0
111,112,110:0
112,113,110:0
112,114,113:0
114,115,113:0
114,116,115:0
116,117,115:0
116,118,117:0
119,102,105:0
47,46,120:0
120,121,47:0
121,120,50:0
50,51,121:0
122,123,52:0
55,122,52:0
124,125,56:0
59,124,56:0
126,127,123:0
122,126,123:0
128,126,122:0
125,128,122:0
129,128,125:0
124,129,125:0
130,129,124:0
131,81,83:0
132,81,131:0
100,132,131:0
101,100,131:0
133,101,131:0
98,101,133:0
93,94,133:0
134,133,94:0
98,133,134:0
134,99,98:0
134,135,99:0
129,135,134:0
130,135,129:0
66,127,126:0
126,67,66:0
128,79,80:0
79,128,129:0
136,137,138:1
137,139,138:1
137,140,139:1
141,142,143:1
143,144,141:1
144,143,145:1
145,143,146:1
145,146,147:1
147,146,148:1
149,144,145:1
149,145,150:1
151,152,153:1
152,154,153:1
152,149,154:1
149,155,154:1
149,150,155:1
150,156,155:1
156,157,155:1
158,118,159:0
118,116,159:0
160,161,162:0
163,160,162:0
164,160,163:0
165,164,163:0
166,164,165:0
167,166,165:0
168,166,167:0
169,168,167:0
170,168,169:0
169,171,170:0
161,170,171:0
162,161,171:0
172,173,174:0
172,175,173:0
173,175,176:0
175,177,176:0
177,178,176:0
177,179,178:0
179,180,178:0
179,181,180:0
181,182,180:0
181,183,182:0
183,174,182:0
183,172,174:0
</>

<apron_vp>
body:kohaku.apron
l_breast:kohaku.apron_lb
r_breast:kohaku.apron_rb
waist:kohaku.apron2
skirt_f:waist:(0.0,-12.0,-3.0):kohaku.apron_f
skirt_f2:skirt_f:(0.0,-35.0,-8.0):kohaku.apron_f2
DynamicVisual:
body:74:(-7.5,18.0,-5.1):(-8.500000,17.999996,-5.100000):(0.0,0.0)
body:7:(-7.5,18.0,-5.6):(-8.261930,18.374355,-6.128506):(0.0,0.0)
r_breast:3:(-3.0,3.0,-1.0):(-3.659724,3.517189,-0.454767):(1.0,1.0)
r_breast:1:(-3.0,3.0,-1.5):(-3.646460,3.498436,-2.077626):(0.5,0.0)
body:6:(-5.5,18.0,-6.0):(-5.168051,18.547550,-6.768110):(0.0,0.0)
r_breast:0:(-1.0,3.0,-1.9):(-1.051988,3.862014,-2.404212):(1.0,0.0)
r_breast:2:(-1.0,3.0,-1.4):(-0.920256,3.996815,-1.400001):(0.5,1.0)
body:70:(-5.5,18.0,-5.5):(-4.500002,17.999996,-5.500000):(0.0,0.0)
body:65:(-8.6,3.0,-0.1):(-8.600000,3.677053,0.635933):(0.0,0.0)
r_breast:7:(-4.6,-0.5,-0.0):(-4.826105,-0.138226,0.904431):(0.0,0.0)
body:9:(-9.1,3.0,-0.1):(-9.973633,3.305980,0.278346):(0.0,0.0)
r_breast:6:(-5.0,-0.5,-0.1):(-5.895666,-0.062234,-0.178395):(0.0,0.0)
body:8:(-5.9,3.0,-8.0):(-6.632426,3.000059,-8.680847):(0.0,0.0)
r_breast:10:(-3.2,-1.0,-2.8):(-3.871071,-0.808261,-3.516172):(0.0,0.0)
r_breast:11:(-0.8,-1.5,-4.4):(-1.025541,-1.269445,-5.346562):(0.0,0.0)
r_breast:13:(1.5,-1.5,-4.1):(1.626699,-1.299026,-5.071369):(0.0,0.0)
body:76:(-4.0,-4.6,7.0):(-4.000000,-5.599999,7.000000):(0.0,0.0)
body:75:(-4.0,-4.6,7.6):(-4.102458,-5.163600,8.419669):(0.0,0.0)
waist:1:(-6.1,-5.0,6.6):(-5.733739,-5.879028,6.905220):(0.5,0.0)
waist:0:(-6.6,-5.0,7.2):(-6.870252,-5.761041,7.789730):(1.0,0.0)
body:27:(-5.2,-2.7,6.7):(-5.252522,-2.087677,7.488863):(0.0,0.0)
body:24:(-6.0,-2.0,5.9):(-6.308854,-1.710736,6.806056):(0.0,0.0)
body:25:(-6.8,-2.0,4.5):(-7.767047,-1.745949,4.483277):(0.0,0.0)
waist:6:(-9.5,-5.0,0.0):(-10.452966,-4.730149,-0.137992):(0.0,0.0)
body:19:(-9.0,-2.0,-0.1):(-9.994181,-2.006436,-0.207545):(0.0,0.0)
waist:5:(-6.0,-5.0,-8.6):(-6.287772,-4.561378,-9.451345):(0.0,0.0)
waist:3:(-6.0,-5.0,-8.0):(-5.835603,-4.013610,-7.999998):(1.0,1.0)
body:20:(-6.0,-2.0,-8.0):(-6.567802,-1.988648,-8.823086):(0.0,0.0)
waist:2:(0.0,-6.0,-8.0):(0.000000,-5.000004,-7.999998):(0.5,1.0)
waist:10:(-10.2,-9.0,0.0):(-10.012931,-9.895461,0.403943):(0.0,0.0)
waist:9:(-10.7,-9.0,0.0):(-11.651402,-9.182026,0.248425):(0.0,0.0)
skirt_f:6:(-12.5,-13.0,-0.6):(-12.500000,-13.125667,0.392076):(0.0,0.0)
skirt_f:5:(-13.0,-13.0,-0.6):(-13.902081,-13.112905,-0.183457):(0.0,0.0)
body:51:(-0.3,-4.2,8.0):(-0.300002,-4.200000,7.000002):(0.0,0.0)
body:52:(-0.3,-4.2,8.3):(-0.300002,-4.200000,9.299997):(0.0,0.0)
waist:19:(-4.5,-11.5,9.4):(-3.929976,-11.947101,8.710677):(0.0,0.0)
waist:20:(-4.5,-11.5,9.7):(-3.780592,-11.633981,10.381540):(0.0,0.0)
body:54:(-1.3,-3.7,8.3):(-1.616230,-3.067545,9.007104):(0.0,0.0)
waist:22:(-6.5,-10.5,9.7):(-7.022358,-9.983121,10.378217):(0.0,0.0)
body:53:(-1.3,-3.7,8.0):(-1.616230,-3.067545,7.292895):(0.0,0.0)
waist:21:(-6.5,-10.5,9.4):(-7.188991,-10.286714,8.707325):(0.0,0.0)
skirt_f:0:(-7.0,-7.0,-7.6):(-7.576372,-6.943227,-8.415211):(1.0,0.0)
waist:7:(-7.0,-9.0,-8.6):(-7.706917,-8.806043,-9.280181):(0.0,0.0)
waist:8:(0.0,-9.0,-8.8):(0.000000,-8.996434,-9.799991):(0.0,0.0)
skirt_f:7:(-11.5,-28.0,-2.5):(-11.500000,-28.125666,-1.507923):(0.0,0.0)
skirt_f:4:(-12.0,-28.0,-2.5):(-12.988310,-28.031078,-2.649265):(0.0,0.0)
skirt_f2:5:(-9.0,-14.0,2.0):(-9.000002,-14.362450,2.932007):(0.0,0.0)
skirt_f2:4:(-9.5,-14.0,2.0):(-10.246744,-14.412986,2.521369):(0.0,0.0)
skirt_f2:0:(-7.0,-3.0,-2.0):(-7.484771,-3.000004,-2.874641):(1.0,0.0)
skirt_f:2:(-7.0,-31.0,-9.5):(-7.449604,-30.929510,-10.390439):(0.5,1.0)
l_breast:3:(3.0,3.0,-1.0):(3.659724,3.517189,-0.454767):(1.0,1.0)
body:142:(7.5,18.0,-5.6):(8.261930,18.374355,-6.128506):(0.5,1.0)
body:198:(7.5,18.0,-5.1):(8.500000,17.999996,-5.100000):(0.0,0.0)
l_breast:1:(3.0,3.0,-1.5):(3.646460,3.498436,-2.077626):(0.5,0.0)
body:141:(5.5,18.0,-6.0):(5.168051,18.547550,-6.768110):(1.0,0.0)
l_breast:0:(1.0,3.0,-1.9):(1.051988,3.862014,-2.404212):(1.0,0.0)
l_breast:2:(1.0,3.0,-1.4):(0.920256,3.996815,-1.400001):(0.5,1.0)
body:194:(5.5,18.0,-5.5):(4.500002,17.999996,-5.500000):(0.0,0.0)
body:144:(9.1,3.0,-0.1):(9.973633,3.305980,0.278346):(0.0,0.0)
l_breast:7:(4.6,-0.5,-0.0):(4.826105,-0.138226,0.904431):(0.0,0.0)
body:189:(8.6,3.0,-0.1):(8.600000,3.677053,0.635933):(0.0,0.0)
l_breast:6:(5.0,-0.5,-0.1):(5.895666,-0.062234,-0.178395):(0.0,0.0)
body:143:(5.9,3.0,-8.0):(6.632426,3.000059,-8.680847):(0.0,0.0)
l_breast:10:(3.2,-1.0,-2.8):(3.871071,-0.808261,-3.516172):(0.0,0.0)
l_breast:11:(0.8,-1.5,-4.4):(1.025541,-1.269445,-5.346562):(0.0,0.0)
l_breast:13:(-1.5,-1.5,-4.1):(-1.626699,-1.299026,-5.071369):(0.0,0.0)
waist:12:(6.1,-5.0,6.6):(5.733739,-5.879028,6.905220):(0.0,0.0)
body:199:(4.0,-4.6,7.6):(4.102458,-5.163600,8.419669):(0.0,0.0)
body:200:(4.0,-4.6,7.0):(4.000000,-5.599999,7.000000):(0.0,0.0)
waist:11:(6.6,-5.0,7.2):(6.870252,-5.761041,7.789730):(0.0,0.0)
body:162:(5.2,-2.7,6.7):(5.252522,-2.087677,7.488863):(0.0,0.0)
body:159:(6.0,-2.0,5.9):(6.308854,-1.710736,6.806056):(0.0,0.0)
body:160:(6.8,-2.0,4.5):(7.767047,-1.745949,4.483277):(0.0,0.0)
waist:15:(9.5,-5.0,0.0):(10.452966,-4.730149,-0.137992):(0.0,0.0)
body:154:(9.0,-2.0,-0.1):(9.994181,-2.006436,-0.207545):(0.0,0.0)
waist:14:(6.0,-5.0,-8.6):(6.287772,-4.561378,-9.451345):(0.0,0.0)
waist:13:(6.0,-5.0,-8.0):(5.835603,-4.013610,-7.999998):(0.0,0.0)
body:155:(6.0,-2.0,-8.0):(6.567802,-1.988648,-8.823086):(0.0,0.0)
skirt_f:10:(12.5,-13.0,-0.6):(12.500000,-13.125667,0.392076):(0.0,0.0)
waist:17:(10.7,-9.0,0.0):(11.651402,-9.182026,0.248425):(0.0,0.0)
waist:18:(10.2,-9.0,0.0):(10.012931,-9.895461,0.403943):(0.0,0.0)
skirt_f:9:(13.0,-13.0,-0.6):(13.902081,-13.112905,-0.183457):(0.0,0.0)
waist:27:(4.5,-11.5,9.4):(3.940894,-11.944938,8.700412):(0.0,0.0)
body:176:(0.3,-4.2,8.3):(0.300002,-4.200000,9.299997):(0.0,0.0)
body:175:(0.3,-4.2,8.0):(0.300002,-4.200000,7.000002):(0.0,0.0)
waist:28:(4.5,-11.5,9.7):(3.772879,-11.643030,10.371440):(0.0,0.0)
body:178:(1.3,-3.7,8.3):(1.616230,-3.067545,9.007104):(0.0,0.0)
waist:30:(6.5,-10.5,9.7):(7.011561,-9.986406,10.388860):(0.0,0.0)
body:177:(1.3,-3.7,8.0):(1.616230,-3.067545,7.292895):(0.0,0.0)
waist:29:(6.5,-10.5,9.4):(7.197989,-10.280992,8.718204):(0.0,0.0)
skirt_f:1:(7.0,-7.0,-7.6):(7.576372,-6.943227,-8.415211):(0.5,0.0)
waist:16:(7.0,-9.0,-8.6):(7.706917,-8.806043,-9.280181):(0.0,0.0)
skirt_f2:8:(9.0,-14.0,2.0):(9.000002,-14.362450,2.932007):(0.0,0.0)
skirt_f:8:(12.0,-28.0,-2.5):(12.988310,-28.031078,-2.649265):(0.0,0.0)
skirt_f:11:(11.5,-28.0,-2.5):(11.500000,-28.125666,-1.507923):(0.0,0.0)
skirt_f2:7:(9.5,-14.0,2.0):(10.246744,-14.412986,2.521369):(0.0,0.0)
skirt_f2:1:(7.0,-3.0,-2.0):(7.484771,-3.000004,-2.874641):(0.5,0.0)
skirt_f:3:(7.0,-31.0,-9.5):(7.449604,-30.929510,-10.390439):(1.0,1.0)
r_breast:5:(1.5,2.8,-1.9):(1.579744,3.796814,-1.900000):(0.0,0.0)
l_breast:5:(-1.5,2.8,-1.9):(-1.579744,3.796814,-1.900000):(0.0,0.0)
r_breast:4:(1.5,2.8,-2.4):(1.498257,3.641182,-2.940748):(0.0,0.0)
l_breast:4:(-1.5,2.8,-2.4):(-1.498257,3.641182,-2.940748):(0.0,0.0)
l_breast:12:(-1.5,1.4,-3.5):(-1.543156,1.779866,-4.424037):(0.0,0.0)
r_breast:12:(1.5,1.4,-3.5):(1.543156,1.779866,-4.424037):(0.0,0.0)
Material:
(250,250,250,255)::
FaceArray:
0,1,2:0
1,3,2:0
1,4,3:0
4,5,3:0
4,6,5:0
4,7,6:0
8,9,10:0
10,9,11:0
10,11,12:0
12,11,13:0
12,13,14:0
12,14,15:0
16,17,18:0
17,19,18:0
17,20,19:0
20,21,19:0
21,22,19:0
22,23,19:0
22,24,23:0
24,25,23:0
24,26,25:0
26,24,27:0
27,28,26:0
29,30,31:0
30,32,31:0
33,34,35:0
34,36,35:0
34,37,36:0
38,36,37:0
38,37,39:0
39,40,38:0
30,41,32:0
30,42,41:0
42,43,41:0
44,45,46:0
45,47,46:0
45,48,47:0
45,49,48:0
50,51,52:0
50,53,51:0
53,54,51:0
53,55,54:0
55,56,54:0
56,57,54:0
58,59,60:0
61,59,58:0
62,61,58:0
63,61,62:0
64,63,62:0
65,64,62:0
66,67,68:0
66,69,67:0
69,70,67:0
69,71,70:0
69,72,71:0
69,73,72:0
73,74,72:0
73,75,74:0
75,76,74:0
77,74,76:0
76,28,77:0
78,79,80:0
78,81,79:0
82,83,84:0
82,85,83:0
85,86,83:0
86,85,87:0
88,86,87:0
87,89,88:0
81,90,79:0
90,91,79:0
90,43,91:0
92,93,94:0
92,95,93:0
95,96,93:0
96,97,93:0
98,99,100:0
99,101,100:0
101,102,100:0
102,103,100:0
102,65,103:0
103,65,15:0
65,12,15:0
65,62,12:0
77,28,27:0
43,90,41:0
97,48,49:0
97,96,48:0
</>

<tabi_vp>
l_leg2:kohaku.l_tabi2
l_foot:kohaku.l_tabi
r_leg2:kohaku.r_tabi2
r_foot:kohaku.r_tabi
DynamicVisual:
l_leg2:8:(-1.6,-35.0,-1.8):(-2.118093,-35.048798,-2.653933):(0.0,0.0)
l_leg2:9:(0.7,-35.0,-1.8):(1.232586,-35.055866,-2.644532):(0.0,0.0)
l_foot:13:(-1.0,-1.0,-4.0):(-1.465522,-0.212127,-4.403162):(0.0,0.0)
l_foot:12:(1.5,-1.0,-4.0):(1.991225,-0.247739,-4.439087):(0.0,0.0)
l_foot:0:(2.5,-2.0,-2.0):(3.482243,-1.830734,-2.080945):(1.0,0.0)
l_leg2:6:(1.8,-35.0,0.5):(2.796222,-35.066090,0.443611):(0.0,0.0)
l_foot:4:(2.5,-2.0,1.0):(3.457094,-1.999997,1.289785):(0.0,0.0)
l_leg2:10:(0.6,-35.0,3.4):(1.153453,-35.110165,4.225564):(0.0,0.0)
l_foot:8:(1.5,-2.0,2.5):(1.972046,-1.962259,3.380768):(0.0,0.0)
l_foot:10:(-1.0,-2.0,2.5):(-1.496665,-1.961667,3.367098):(0.0,0.0)
l_leg2:11:(-1.6,-35.0,3.4):(-2.154764,-35.094471,4.226627):(0.0,0.0)
l_foot:6:(-2.0,-2.0,1.0):(-2.964869,-1.999997,1.262742):(0.0,0.0)
l_leg2:7:(-2.8,-35.0,0.5):(-3.796993,-35.041885,0.434781):(0.0,0.0)
l_foot:2:(-2.0,-2.0,-2.0):(-2.980167,-1.802851,-2.020260):(0.5,1.0)
r_foot:13:(1.0,-1.0,-4.0):(1.465523,-0.212127,-4.403162):(0.0,0.0)
r_leg2:9:(-0.7,-35.0,-1.8):(-1.232586,-35.055866,-2.644532):(0.0,0.0)
r_leg2:8:(1.6,-35.0,-1.8):(2.118093,-35.048798,-2.653933):(0.0,0.0)
r_foot:12:(-1.5,-1.0,-4.0):(-1.991225,-0.247739,-4.439087):(0.0,0.0)
r_foot:0:(-2.5,-2.0,-2.0):(-3.482243,-1.830734,-2.080945):(1.0,0.0)
r_leg2:6:(-1.8,-35.0,0.5):(-2.796222,-35.066090,0.443611):(0.0,0.0)
r_foot:4:(-2.5,-2.0,1.0):(-3.456945,-1.980688,1.289632):(0.0,0.0)
r_leg2:10:(-0.6,-35.0,3.4):(-1.153453,-35.110165,4.225564):(0.0,0.0)
r_foot:8:(-1.5,-2.0,2.5):(-1.971408,-1.941333,3.379964):(0.0,0.0)
r_foot:10:(1.0,-2.0,2.5):(1.496059,-1.942239,3.366369):(0.0,0.0)
r_leg2:11:(1.6,-35.0,3.4):(2.154764,-35.094471,4.226627):(0.0,0.0)
r_foot:6:(2.0,-2.0,1.0):(2.964741,-1.982488,1.262627):(0.0,0.0)
r_leg2:7:(2.8,-35.0,0.5):(3.796993,-35.041885,0.434781):(0.0,0.0)
r_foot:2:(2.0,-2.0,-2.0):(2.979925,-1.803008,-2.030752):(0.5,1.0)
Material:
(250,250,250,255)::
FaceArray:
0,1,2:0
1,3,2:0
1,4,3:0
1,5,4:0
5,6,4:0
5,7,6:0
7,8,6:0
7,9,8:0
7,10,9:0
10,11,9:0
10,12,11:0
12,13,11:0
12,0,13:0
0,2,13:0
14,15,16:0
14,17,15:0
17,18,15:0
18,19,15:0
18,20,19:0
20,21,19:0
20,22,21:0
22,23,21:0
23,24,21:0
23,25,24:0
25,26,24:0
25,27,26:0
27,16,26:0
27,14,16:0
</>

<trainer_vp>
body:kohaku.trainer
l_breast:kohaku.trainer_lb
r_breast:kohaku.trainer_rb
l_arm1:kohaku.l_trainer1
l_arm2:kohaku.l_trainer2
l_hand:kohaku.l_trainer3
r_arm1:kohaku.r_trainer1
r_arm2:kohaku.r_trainer2
r_hand:kohaku.r_trainer3
waist:kohaku.trainer2
DynamicVisual:
body:13:(-4.5,3.0,-7.1):(-4.842864,2.946844,-8.076616):(0.0,0.0)
body:11:(4.5,3.0,-7.1):(4.842864,2.946844,-8.076616):(0.0,0.0)
waist:1:(-5.0,-2.0,-7.0):(-5.485937,-1.713704,-7.851325):(0.5,0.0)
waist:0:(5.0,-2.0,-7.0):(5.485937,-1.713704,-7.851325):(1.0,0.0)
waist:4:(5.0,-2.0,6.5):(5.463039,-1.704504,7.276531):(0.0,0.0)
body:64:(4.5,4.0,5.5):(5.077034,3.779230,6.240888):(0.0,0.0)
body:39:(-4.5,4.0,5.5):(-5.077034,3.779230,6.240888):(0.0,0.0)
waist:3:(-5.0,-2.0,6.5):(-5.463039,-1.704504,7.276531):(1.0,1.0)
r_arm1:0:(-3.0,1.5,0.0):(-3.894425,1.947213,0.000000):(1.0,0.0)
body:21:(-8.5,22.5,4.0):(-9.030781,23.253984,4.392711):(0.0,0.0)
body:20:(-8.5,22.5,0.0):(-9.055316,23.283720,-0.159125):(0.0,0.0)
r_arm1:2:(-2.0,0.5,-2.5):(-2.582899,0.830458,-3.242312):(0.5,1.0)
body:18:(-9.0,18.5,-2.5):(-9.752078,18.762402,-3.015923):(0.0,0.0)
r_arm1:3:(1.0,-3.0,-3.0):(1.407781,-2.915271,-3.909140):(1.0,1.0)
body:14:(-8.5,14.0,-1.0):(-9.466403,13.910723,-0.943234):(0.0,0.0)
r_arm1:4:(2.2,-5.0,0.0):(3.197327,-4.926931,0.000000):(0.0,0.0)
body:17:(-8.5,14.0,3.0):(-9.280627,13.773358,3.590456):(0.0,0.0)
r_arm1:6:(1.0,-3.0,3.0):(1.407781,-2.915271,3.909140):(0.0,0.0)
body:19:(-9.0,17.5,4.5):(-9.672293,17.378546,5.251778):(0.0,0.0)
r_arm1:5:(-2.0,0.5,2.5):(-2.582897,0.830458,3.242312):(0.0,0.0)
r_arm2:3:(3.2,-2.5,-0.0):(4.199216,-2.473040,0.028958):(1.0,1.0)
r_arm1:9:(1.0,-15.0,-2.5):(1.525735,-15.043240,-3.349550):(0.0,0.0)
r_arm1:10:(2.5,-15.0,0.2):(3.499980,-15.006249,0.200016):(0.0,0.0)
r_arm2:2:(1.5,-3.0,-3.0):(2.014307,-2.914665,-3.853351):(0.5,1.0)
r_arm2:1:(-1.5,-3.0,-3.0):(-2.036851,-2.941003,-3.841612):(0.5,0.0)
r_arm1:8:(-2.5,-15.0,-2.5):(-3.060040,-15.058650,-3.326388):(0.0,0.0)
r_arm2:0:(-3.0,-1.0,-0.0):(-3.999643,-1.000000,0.026733):(1.0,0.0)
r_arm1:7:(-3.7,-15.0,0.2):(-4.699801,-15.019991,0.200121):(0.0,0.0)
r_arm2:4:(-1.5,0.5,2.8):(-2.013701,0.500000,3.657969):(0.0,0.0)
r_arm1:11:(-2.5,-15.0,3.0):(-3.060627,-15.001402,3.828067):(0.0,0.0)
r_arm2:5:(1.5,0.5,2.8):(1.990419,0.500000,3.671487):(0.0,0.0)
r_arm1:12:(1.0,-15.0,3.0):(1.525731,-15.000000,3.850651):(0.0,0.0)
r_arm2:17:(1.5,-17.0,3.0):(2.084138,-17.023798,3.811305):(0.0,0.0)
r_hand:12:(1.9,-0.3,2.1):(2.437352,-0.877352,2.677350):(0.0,0.0)
r_arm2:12:(2.5,-17.0,-0.0):(3.499177,-17.036961,-0.016716):(0.0,0.0)
r_hand:13:(1.9,-0.3,-2.1):(2.437350,-0.877352,-2.677351):(0.0,0.0)
r_arm2:13:(1.5,-17.0,-2.7):(2.071148,-17.034172,-3.520136):(0.0,0.0)
r_hand:15:(-1.7,-0.3,-2.1):(-2.237352,-0.877352,-2.677350):(0.0,0.0)
r_arm2:14:(-1.5,-17.0,-2.7):(-2.070604,-17.049126,-3.519756):(0.0,0.0)
r_arm2:15:(-2.5,-17.0,-0.0):(-3.499707,-17.017904,-0.016343):(0.0,0.0)
r_hand:14:(-1.7,-0.3,2.1):(-2.237351,-0.877352,2.677351):(0.0,0.0)
r_arm2:16:(-1.5,-17.0,3.0):(-2.084693,-16.986481,3.811142):(0.0,0.0)
body:38:(-7.7,4.0,-0.0):(-8.666349,3.790418,-0.126060):(0.0,0.0)
waist:2:(-8.5,-2.0,-0.0):(-9.435966,-1.709339,-0.042848):(0.5,1.0)
r_breast:21:(-0.3,3.3,-1.4):(-0.471190,3.942954,-2.172250):(0.0,0.0)
body:34:(-4.6,18.0,-5.3):(-4.634314,18.411697,-6.179195):(0.0,0.0)
r_breast:25:(1.6,2.8,-1.8):(1.682363,3.336847,-2.579664):(0.0,0.0)
body:0:(-2.1,17.2,-5.5):(-2.100696,17.628515,-6.374338):(1.0,0.0)
body:35:(-6.9,17.4,-4.8):(-7.313081,17.800100,-5.564629):(0.0,0.0)
r_breast:19:(-2.3,2.8,-1.1):(-2.712632,3.340148,-1.770143):(0.0,0.0)
body:36:(-8.5,15.7,-4.5):(-9.490954,15.852082,-4.710345):(0.0,0.0)
r_breast:17:(-3.7,1.3,-0.8):(-4.483250,1.665040,-1.309649):(0.0,0.0)
r_breast:6:(-4.4,-0.5,1.3):(-5.423798,-0.500932,1.156470):(0.0,0.0)
body:31:(-8.6,12.5,-2.8):(-9.564225,12.393342,-2.720297):(0.0,0.0)
body:32:(-8.1,10.3,-3.0):(-9.094755,10.064393,-2.929415):(0.0,0.0)
r_breast:7:(-3.8,-2.7,1.2):(-4.800294,-2.998882,1.067775):(0.0,0.0)
body:37:(-7.7,8.1,-3.5):(-8.653975,7.858220,-3.677175):(0.0,0.0)
r_breast:8:(-3.7,-2.5,-0.8):(-4.506195,-2.890049,-1.248185):(0.0,0.0)
body:33:(-5.0,6.0,-7.0):(-5.667843,5.792349,-7.751847):(0.0,0.0)
r_breast:10:(-1.7,-2.8,-2.8):(-2.193745,-3.263557,-3.631373):(0.0,0.0)
r_breast:11:(-0.6,-3.1,-3.0):(-0.784736,-3.537189,-3.950459):(0.0,0.0)
r_breast:16:(0.5,-2.8,-3.2):(0.543468,-3.166560,-4.183997):(0.0,0.0)
body:12:(-2.5,6.0,-7.0):(-2.487094,6.008315,-8.041909):(0.0,0.0)
r_breast:14:(3.0,-2.5,-3.0):(3.131738,-2.724257,-3.979902):(0.0,0.0)
l_breast:25:(-1.6,2.8,-1.8):(-1.682363,3.336847,-2.579664):(0.0,0.0)
body:9:(2.1,17.2,-5.5):(2.100696,17.628515,-6.374338):(0.0,0.0)
body:10:(2.5,6.0,-7.0):(2.487094,6.008315,-8.041909):(0.0,0.0)
l_breast:14:(-3.0,-2.5,-3.0):(-3.131738,-2.724257,-3.979902):(0.0,0.0)
r_breast:23:(3.0,1.0,-3.0):(3.020792,1.400507,-3.941777):(0.0,0.0)
l_breast:23:(-3.0,1.0,-3.0):(-3.020792,1.400506,-3.941777):(0.0,0.0)
r_breast:13:(3.5,-0.8,-3.2):(3.631962,-0.775002,-4.187948):(0.0,0.0)
l_breast:13:(-3.5,-0.8,-3.2):(-3.631961,-0.775002,-4.187949):(0.0,0.0)
body:77:(8.5,22.5,0.0):(9.055316,23.283720,-0.159125):(0.0,0.0)
body:78:(8.5,22.5,4.0):(9.030781,23.253984,4.392711):(0.0,0.0)
l_arm1:0:(3.0,1.5,0.0):(3.894425,1.947214,0.000000):(1.0,0.0)
l_arm1:2:(2.0,0.5,-2.5):(2.582899,0.830458,-3.242312):(0.5,1.0)
body:75:(9.0,18.5,-2.5):(9.752078,18.762402,-3.015923):(0.0,0.0)
l_arm1:3:(-1.0,-3.0,-3.0):(-1.407781,-2.915271,-3.909140):(1.0,1.0)
body:71:(8.5,14.0,-1.0):(9.466403,13.910723,-0.943234):(0.0,0.0)
l_arm1:4:(-2.2,-5.0,0.0):(-3.197327,-4.926931,0.000000):(0.0,0.0)
body:74:(8.5,14.0,3.0):(9.280627,13.773358,3.590456):(0.0,0.0)
l_arm1:6:(-1.0,-3.0,3.0):(-1.407781,-2.915271,3.909140):(0.0,0.0)
body:76:(9.0,17.5,4.5):(9.672293,17.378546,5.251778):(0.0,0.0)
l_arm1:5:(2.0,0.5,2.5):(2.582899,0.830458,3.242312):(0.0,0.0)
l_arm1:10:(-2.5,-15.0,0.2):(-3.499947,-15.006915,0.192376):(0.0,0.0)
l_arm1:9:(-1.0,-15.0,-2.5):(-1.507129,-15.043234,-3.360786):(0.0,0.0)
l_arm2:3:(-3.2,-2.5,0.0):(-4.199509,-2.471023,0.011796):(1.0,1.0)
l_arm2:2:(-1.5,-3.0,-3.0):(-1.999418,-2.913794,-3.862062):(0.5,1.0)
l_arm1:8:(2.5,-15.0,-2.5):(3.044307,-15.059104,-3.336802):(0.0,0.0)
l_arm2:1:(1.5,-3.0,-3.0):(2.026135,-2.941468,-3.848385):(0.5,0.0)
l_arm2:0:(3.0,-1.0,0.0):(3.999901,-1.000000,0.014080):(1.0,0.0)
l_arm1:7:(3.7,-15.0,0.2):(4.699760,-15.020964,0.193483):(0.0,0.0)
l_arm2:4:(1.5,0.5,2.8):(2.013701,0.500000,3.657969):(0.0,0.0)
l_arm1:11:(2.5,-15.0,3.0):(3.050490,-15.000983,3.834841):(0.0,0.0)
l_arm2:5:(-1.5,0.5,2.8):(-1.990419,0.500000,3.671487):(0.0,0.0)
l_arm1:12:(-1.0,-15.0,3.0):(-1.513702,-15.000000,3.857969):(0.0,0.0)
l_arm2:12:(-2.5,-17.0,0.0):(-3.498803,-17.039883,0.028336):(0.0,0.0)
l_hand:12:(-1.9,-0.3,2.1):(-2.437354,-0.877347,2.677351):(0.0,0.0)
l_arm2:17:(-1.5,-17.0,3.0):(-1.990060,-17.019022,3.871481):(0.0,0.0)
l_hand:13:(-1.9,-0.3,-2.1):(-2.437354,-0.877347,-2.677352):(0.0,0.0)
l_arm2:13:(-1.5,-17.0,-2.7):(-2.015038,-17.035685,-3.556425):(0.0,0.0)
l_hand:15:(1.7,-0.3,-2.1):(2.237352,-0.877350,-2.677350):(0.0,0.0)
l_arm2:14:(1.5,-17.0,-2.7):(2.035903,-17.046986,-3.542972):(0.0,0.0)
l_arm2:15:(2.5,-17.0,0.0):(3.499499,-17.016691,0.026900):(0.0,0.0)
l_hand:14:(1.7,-0.3,2.1):(2.237350,-0.877350,2.677351):(0.0,0.0)
l_arm2:16:(1.5,-17.0,3.0):(2.013677,-16.985703,3.857865):(0.0,0.0)
body:93:(7.7,4.0,-0.0):(8.666349,3.790418,-0.126060):(0.0,0.0)
waist:18:(8.5,-2.0,-0.0):(9.435966,-1.709339,-0.042848):(0.0,0.0)
body:89:(4.6,18.0,-5.3):(4.634314,18.411697,-6.179195):(0.0,0.0)
l_breast:21:(0.3,3.3,-1.4):(0.471189,3.942954,-2.172249):(0.0,0.0)
l_breast:19:(2.3,2.8,-1.1):(2.712632,3.340148,-1.770143):(0.0,0.0)
body:90:(6.9,17.4,-4.8):(7.313081,17.800100,-5.564629):(0.0,0.0)
body:91:(8.5,15.7,-4.5):(9.490954,15.852082,-4.710345):(0.0,0.0)
l_breast:17:(3.7,1.3,-0.8):(4.483250,1.665040,-1.309649):(0.0,0.0)
l_breast:6:(4.4,-0.5,1.3):(5.423798,-0.500932,1.156470):(0.0,0.0)
body:86:(8.6,12.5,-2.8):(9.564225,12.393342,-2.720297):(0.0,0.0)
body:87:(8.1,10.3,-3.0):(9.094755,10.064393,-2.929415):(0.0,0.0)
l_breast:7:(3.8,-2.7,1.2):(4.800294,-2.998882,1.067775):(0.0,0.0)
body:92:(7.7,8.1,-3.5):(8.653975,7.858220,-3.677175):(0.0,0.0)
l_breast:8:(3.7,-2.5,-0.8):(4.506195,-2.890050,-1.248185):(0.0,0.0)
body:88:(5.0,6.0,-7.0):(5.667843,5.792349,-7.751847):(0.0,0.0)
l_breast:10:(1.7,-2.8,-2.8):(2.193744,-3.263557,-3.631373):(0.0,0.0)
l_breast:11:(0.6,-3.1,-3.0):(0.784735,-3.537189,-3.950459):(0.0,0.0)
l_breast:16:(-0.5,-2.8,-3.2):(-0.543468,-3.166560,-4.183997):(0.0,0.0)
Material:
(110,110,110,255)::
FaceArray:
0,1,2:0
1,3,2:0
5,6,4:0
6,7,4:0
8,9,10:0
8,10,11:0
10,12,11:0
11,12,13:0
14,13,12:0
14,15,13:0
14,16,15:0
16,17,15:0
16,18,17:0
18,19,17:0
20,21,22:0
20,23,21:0
24,25,21:0
23,24,21:0
24,26,25:0
26,27,25:0
27,26,28:0
28,29,27:0
30,29,28:0
31,29,30:0
22,31,30:0
30,20,22:0
32,33,34:0
33,35,34:0
35,36,34:0
35,37,36:0
36,37,38:0
37,39,38:0
37,40,39:0
40,41,39:0
40,33,41:0
33,32,41:0
2,42,0:0
2,43,42:0
43,7,42:0
7,6,42:0
18,9,19:0
9,8,19:0
44,45,46:0
45,47,46:0
48,45,49:0
49,45,44:0
50,48,49:0
49,51,50:0
52,50,51:0
52,53,50:0
53,52,54:0
52,55,54:0
55,56,54:0
55,57,56:0
57,58,56:0
57,59,58:0
59,60,58:0
60,61,58:0
61,62,58:0
61,63,62:0
47,65,46:0
65,64,46:0
46,64,68:0
68,64,69:0
68,69,70:0
70,69,71:0
70,71,63:0
63,71,67:0
63,67,62:0
62,67,66:0
72,73,74:0
75,72,74:0
75,76,72:0
77,76,75:0
76,77,78:0
77,79,78:0
79,80,78:0
79,81,80:0
81,82,80:0
81,83,82:0
84,85,86:0
85,87,86:0
85,88,89:0
85,89,87:0
88,90,89:0
88,91,90:0
92,90,91:0
91,93,92:0
92,93,94:0
94,93,95:0
94,95,84:0
84,86,94:0
96,97,98:0
96,99,97:0
96,100,99:0
100,101,99:0
102,101,100:0
102,103,101:0
103,104,101:0
103,105,104:0
105,97,104:0
105,98,97:0
1,106,3:0
106,107,3:0
106,4,107:0
106,5,4:0
83,73,82:0
83,74,73:0
64,108,109:0
64,65,108:0
110,108,111:0
109,108,110:0
110,111,112:0
112,113,110:0
113,112,114:0
112,115,114:0
116,114,115:0
116,117,114:0
116,118,117:0
118,119,117:0
118,120,119:0
120,121,119:0
120,122,121:0
120,123,122:0
120,66,123:0
66,67,123:0
</>

<skirt_vp>
waist:kohaku.skirt
skirt_f:waist:(0.0,-12.0,-3.0):kohaku.skirt_f
skirt_f2:skirt_f:(0.0,-35.0,-8.0):kohaku.skirt_f2
skirt_r:waist:(0.0,-20.0,10.0):kohaku.skirt_r
DynamicVisual:
waist:3:(-5.5,-7.0,-7.0):(-6.082231,-6.564504,-7.701070):(1.0,1.0)
waist:4:(5.5,-7.0,-7.0):(6.082231,-6.564504,-7.701070):(0.0,0.0)
skirt_f:0:(0.0,-8.0,-6.5):(0.000000,-7.938370,-7.538708):(1.0,0.0)
skirt_f:1:(-7.0,-8.0,-5.0):(-7.418519,-7.920218,-5.938510):(0.5,0.0)
waist:2:(-10.5,-9.0,-0.0):(-11.370713,-8.601626,0.157467):(0.5,1.0)
skirt_f:2:(-13.0,-14.0,2.0):(-13.818725,-13.923251,1.411600):(0.5,1.0)
waist:1:(-8.0,-16.0,8.5):(-8.480555,-15.675507,9.253992):(0.5,0.0)
skirt_r:1:(-8.5,-4.0,-0.0):(-8.647053,-3.895772,0.936160):(0.5,0.0)
skirt_r:3:(-10.0,-20.0,2.0):(-10.128714,-19.936972,2.943530):(1.0,1.0)
skirt_f:4:(-14.0,-25.0,2.0):(-14.844396,-24.947063,1.448653):(0.0,0.0)
skirt_f2:6:(-16.0,-10.0,12.0):(-16.641125,-10.707131,11.630516):(0.0,0.0)
skirt_r:4:(-11.5,-37.0,3.0):(-11.581784,-37.707062,3.682669):(0.0,0.0)
waist:0:(0.0,-16.0,9.5):(0.000000,-15.709964,10.406614):(1.0,0.0)
skirt_r:0:(0.0,-4.0,1.5):(0.000000,-3.900964,2.449810):(1.0,0.0)
skirt_f2:3:(-10.0,-5.5,0.7):(-10.587338,-5.511622,-0.142176):(1.0,1.0)
skirt_f:3:(-9.5,-31.0,-6.5):(-10.154018,-30.921688,-7.280395):(1.0,1.0)
skirt_f2:4:(0.0,-4.0,-1.2):(0.000000,-4.023423,-2.242468):(0.0,0.0)
skirt_f:5:(0.0,-31.0,-8.5):(-0.000000,-30.937788,-9.538659):(0.0,0.0)
skirt_f:14:(8.0,-31.0,-5.5):(7.413569,-31.128139,-4.739061):(0.0,0.0)
skirt_f:6:(-8.0,-31.0,-5.5):(-7.413569,-31.128139,-4.739061):(0.0,0.0)
skirt_f2:9:(9.0,-5.4,1.5):(8.562204,-5.564974,2.345643):(0.0,0.0)
skirt_f2:2:(-9.0,-5.4,1.5):(-8.562204,-5.564974,2.345643):(0.5,1.0)
skirt_f:8:(-12.0,-25.0,2.0):(-11.131783,-25.064465,2.452149):(0.0,0.0)
skirt_f2:8:(-14.5,-10.0,12.0):(-13.869370,-10.748206,12.266394):(0.0,0.0)
skirt_r:5:(-10.0,-20.0,0.5):(-9.939847,-20.116703,-0.537134):(0.0,0.0)
skirt_r:15:(-10.5,-37.0,1.5):(-10.390141,-37.753792,0.779694):(0.0,0.0)
skirt_f:9:(-11.5,-14.0,2.0):(-10.700489,-14.121916,2.550310):(0.0,0.0)
skirt_r:6:(-7.0,-5.0,-0.5):(-6.987094,-5.091520,-1.540252):(0.0,0.0)
waist:24:(4.0,-4.0,-4.5):(3.686615,-4.957515,-4.342147):(0.0,0.0)
waist:5:(-4.0,-4.0,-4.5):(-3.686615,-4.957515,-4.342147):(0.0,0.0)
skirt_f:15:(5.0,-8.0,-3.5):(4.610300,-8.155110,-2.630764):(0.0,0.0)
skirt_f:7:(-5.0,-8.0,-3.5):(-4.610300,-8.155110,-2.630764):(0.0,0.0)
waist:11:(-9.5,-9.0,-0.0):(-8.617152,-9.459971,-0.274843):(0.0,0.0)
waist:10:(-7.0,-16.0,8.0):(-6.577703,-16.403988,7.127613):(0.0,0.0)
waist:9:(7.0,-16.0,8.0):(6.577703,-16.403988,7.127613):(0.0,0.0)
skirt_r:7:(7.0,-5.0,-0.5):(6.987094,-5.091520,-1.540252):(0.0,0.0)
skirt_f:10:(7.0,-8.0,-5.0):(7.418519,-7.920218,-5.938510):(0.0,0.0)
waist:23:(10.5,-9.0,-0.0):(11.370713,-8.601626,0.157467):(0.0,0.0)
skirt_f:11:(13.0,-14.0,2.0):(13.818725,-13.923251,1.411600):(0.0,0.0)
waist:22:(8.0,-16.0,8.5):(8.480555,-15.675507,9.253992):(0.0,0.0)
skirt_r:8:(8.5,-4.0,-0.0):(8.647053,-3.895772,0.936160):(0.0,0.0)
skirt_r:9:(10.0,-20.0,2.0):(10.128714,-19.936972,2.943530):(0.0,0.0)
skirt_f:13:(14.0,-25.0,2.0):(14.844396,-24.947063,1.448653):(0.0,0.0)
skirt_f2:12:(16.0,-10.0,12.0):(16.641125,-10.707131,11.630516):(0.0,0.0)
skirt_r:11:(11.5,-37.0,3.0):(11.581784,-37.707062,3.682669):(0.0,0.0)
skirt_f2:10:(10.0,-5.5,0.7):(10.587338,-5.511622,-0.142176):(0.0,0.0)
skirt_f:12:(9.5,-31.0,-6.5):(10.154018,-30.921688,-7.280395):(0.0,0.0)
skirt_f:16:(12.0,-25.0,2.0):(11.131783,-25.064465,2.452149):(0.0,0.0)
skirt_f2:14:(14.5,-10.0,12.0):(13.869370,-10.748206,12.266394):(0.0,0.0)
skirt_r:12:(10.0,-20.0,0.5):(9.939847,-20.116703,-0.537134):(0.0,0.0)
skirt_r:14:(10.5,-37.0,1.5):(10.390141,-37.753792,0.779694):(0.0,0.0)
skirt_f:17:(11.5,-14.0,2.0):(10.700489,-14.121916,2.550310):(0.0,0.0)
waist:26:(9.5,-9.0,-0.0):(8.617152,-9.459971,-0.274843):(0.0,0.0)
Material:
(100,100,100,255)::
FaceArray:
0,1,2:0
0,2,3:0
4,0,3:0
4,3,5:0
4,5,6:0
6,5,7:0
7,5,8:0
8,5,9:0
8,9,10:0
8,10,11:0
12,6,13:0
13,6,7:0
9,14,10:0
9,15,14:0
15,16,14:0
15,17,16:0
18,19,20:0
20,19,21:0
19,22,21:0
21,22,23:0
23,22,24:0
24,25,23:0
26,27,22:0
27,24,22:0
28,29,30:0
30,29,31:0
31,29,32:0
31,32,26:0
26,32,33:0
26,33,27:0
27,33,34:0
27,34,35:0
36,2,1:0
36,1,37:0
38,36,37:0
39,38,37:0
40,38,39:0
41,38,40:0
42,38,41:0
43,42,41:0
44,43,41:0
13,39,12:0
40,39,13:0
43,45,42:0
45,46,42:0
45,16,46:0
16,17,46:0
20,47,18:0
48,47,20:0
49,47,48:0
48,50,49:0
47,35,51:0
47,49,35:0
52,28,30:0
51,52,30:0
34,52,51:0
35,34,51:0
48,44,50:0
48,43,44:0
25,11,23:0
11,10,23:0
</>

<shoesa_vp>
waist:kohaku.stocking
l_leg1:kohaku.l_stocking1
l_leg2:kohaku.l_stocking2
l_foot:kohaku.l_shoea
r_leg1:kohaku.r_stocking1
r_leg2:kohaku.r_stocking2
r_foot:kohaku.r_shoea
DynamicVisual:
waist:41:(-1.0,-19.5,0.0):(-0.874568,-20.457184,-0.223251):(0.0,0.0)
r_leg1:1:(2.5,-8.0,0.0):(3.497313,-8.028201,0.067619):(0.5,0.0)
r_leg1:2:(1.0,-8.0,-5.0):(1.581548,-8.072422,-5.810283):(0.5,1.0)
waist:39:(-2.5,-15.5,-5.0):(-2.753016,-15.934928,-5.805072):(0.0,0.0)
r_leg1:19:(-3.0,-1.0,-5.0):(-3.606678,-1.000000,-5.794949):(0.0,0.0)
waist:38:(-7.0,-10.0,-4.5):(-7.530272,-9.900728,-5.272727):(0.0,0.0)
r_leg1:18:(-6.5,-1.5,0.0):(-7.500000,-1.500000,0.000000):(0.0,0.0)
waist:40:(-9.0,-9.0,0.0):(-9.927979,-8.783856,0.240612):(0.0,0.0)
r_leg1:5:(1.5,-8.0,5.0):(2.133574,-8.024368,5.773298):(0.0,0.0)
waist:47:(-0.5,-20.0,5.5):(0.265107,-20.491314,6.016381):(0.0,0.0)
waist:48:(-8.5,-16.0,3.5):(-9.386593,-16.080429,3.942546):(0.0,0.0)
r_leg1:4:(-3.0,-8.0,5.0):(-3.606592,-8.011662,5.794928):(0.0,0.0)
waist:46:(-6.5,-19.5,5.5):(-6.780624,-20.012056,6.350893):(0.0,0.0)
r_leg2:1:(3.5,-4.0,0.0):(4.454597,-4.040752,-0.295099):(0.5,0.0)
r_leg1:14:(-0.0,-35.0,-1.5):(0.487187,-35.140530,-2.361917):(0.0,0.0)
r_leg1:13:(2.0,-33.5,1.5):(2.991587,-33.547077,1.379422):(0.0,0.0)
r_leg2:2:(1.5,-1.0,-3.0):(1.930170,-1.148411,-3.890466):(0.5,1.0)
r_leg1:15:(-2.5,-35.0,-1.5):(-2.987186,-35.140530,-2.361918):(0.0,0.0)
r_leg2:3:(-1.0,-1.0,-3.0):(-1.430171,-1.148411,-3.890466):(1.0,1.0)
r_leg2:0:(-3.0,-4.0,0.0):(-3.954600,-4.040752,-0.295099):(1.0,0.0)
r_leg1:12:(-4.5,-33.5,1.5):(-5.482428,-33.591042,1.337055):(0.0,0.0)
r_leg2:10:(-1.0,-6.0,3.5):(-1.674780,-5.931829,4.234865):(0.0,0.0)
r_leg1:16:(-2.5,-31.0,4.5):(-3.095111,-31.044964,5.302385):(0.0,0.0)
r_leg2:11:(1.5,-6.0,3.5):(2.174778,-5.931829,4.234865):(0.0,0.0)
r_leg1:17:(-0.0,-31.0,4.5):(0.696728,-31.058783,5.214924):(0.0,0.0)
r_leg2:17:(-0.5,-35.0,-1.5):(-1.025212,-35.046360,-2.349710):(0.0,0.0)
r_leg2:16:(1.5,-35.0,-1.5):(2.025583,-35.035431,-2.350006):(0.0,0.0)
r_foot:30:(-1.8,-1.0,-3.7):(-1.889570,-0.326229,-2.966512):(0.0,0.0)
r_foot:31:(1.3,-1.0,-3.7):(1.389569,-0.326229,-2.966512):(0.0,0.0)
r_foot:32:(1.9,-2.0,-3.0):(1.965296,-1.178201,-2.433970):(0.0,0.0)
r_leg2:15:(2.5,-35.0,0.5):(3.493877,-35.039314,0.396722):(0.0,0.0)
r_foot:33:(2.1,-2.0,1.0):(2.100002,-0.999997,1.000001):(0.0,0.0)
r_leg2:19:(1.5,-35.0,3.0):(2.059644,-35.096844,3.823057):(0.0,0.0)
r_foot:37:(1.0,-2.0,2.6):(1.000002,-0.999997,2.600001):(0.0,0.0)
r_foot:36:(-1.5,-2.0,2.6):(-1.500002,-0.999997,2.600001):(0.0,0.0)
r_leg2:18:(-0.5,-35.0,3.0):(-1.058245,-35.113132,3.821930):(0.0,0.0)
r_foot:35:(-2.6,-2.0,1.0):(-2.600002,-0.999997,1.000001):(0.0,0.0)
r_leg2:14:(-1.5,-35.0,0.5):(-2.491973,-35.062275,0.389909):(0.0,0.0)
r_foot:34:(-2.4,-2.0,-3.0):(-2.465297,-1.178201,-2.433970):(0.0,0.0)
l_leg1:2:(-1.0,-8.0,-5.0):(-1.581548,-8.072422,-5.810283):(0.5,1.0)
l_leg1:1:(-2.5,-8.0,0.0):(-3.497313,-8.028201,0.067619):(0.5,0.0)
waist:10:(1.0,-19.5,0.0):(0.874568,-20.457184,-0.223251):(0.0,0.0)
waist:7:(2.5,-15.5,-5.0):(2.753016,-15.934928,-5.805072):(0.0,0.0)
l_leg1:19:(3.0,-1.0,-5.0):(3.606678,-1.000000,-5.794949):(0.0,0.0)
waist:6:(7.0,-10.0,-4.5):(7.530272,-9.900728,-5.272727):(0.0,0.0)
l_leg1:18:(6.5,-1.5,0.0):(7.500000,-1.500000,0.000000):(0.0,0.0)
waist:9:(9.0,-9.0,0.0):(9.927979,-8.783856,0.240612):(0.0,0.0)
waist:20:(0.5,-20.0,5.5):(-0.265107,-20.491314,6.016381):(0.0,0.0)
l_leg1:5:(-1.5,-8.0,5.0):(-2.133574,-8.024368,5.773298):(0.0,0.0)
waist:21:(8.5,-16.0,3.5):(9.386593,-16.080429,3.942546):(0.0,0.0)
waist:19:(6.5,-19.5,5.5):(6.780624,-20.012056,6.350893):(0.0,0.0)
l_leg1:4:(3.0,-8.0,5.0):(3.606592,-8.011662,5.794928):(0.0,0.0)
l_leg1:13:(-2.0,-33.5,1.5):(-2.991587,-33.547077,1.379422):(0.0,0.0)
l_leg1:14:(0.0,-35.0,-1.5):(-0.487187,-35.140530,-2.361917):(0.0,0.0)
l_leg2:1:(-3.5,-4.0,0.0):(-4.454597,-4.040752,-0.295099):(0.5,0.0)
l_leg2:2:(-1.5,-1.0,-3.0):(-1.930170,-1.148411,-3.890466):(0.5,1.0)
l_leg1:15:(2.5,-35.0,-1.5):(2.987186,-35.140530,-2.361918):(0.0,0.0)
l_leg2:3:(1.0,-1.0,-3.0):(1.430171,-1.148411,-3.890466):(1.0,1.0)
l_leg2:0:(3.0,-4.0,0.0):(3.954600,-4.040752,-0.295099):(1.0,0.0)
l_leg1:12:(4.5,-33.5,1.5):(5.482428,-33.591042,1.337055):(0.0,0.0)
l_leg2:10:(1.0,-6.0,3.5):(1.674780,-5.931829,4.234865):(0.0,0.0)
l_leg1:16:(2.5,-31.0,4.5):(3.095111,-31.044964,5.302385):(0.0,0.0)
l_leg2:11:(-1.5,-6.0,3.5):(-2.174778,-5.931829,4.234865):(0.0,0.0)
l_leg1:17:(0.0,-31.0,4.5):(-0.696728,-31.058783,5.214924):(0.0,0.0)
l_foot:31:(-1.3,-1.0,-3.7):(-1.389569,-0.326229,-2.966512):(0.0,0.0)
l_foot:32:(-1.9,-2.0,-3.0):(-1.965297,-1.178201,-2.433970):(0.0,0.0)
l_leg2:16:(-1.5,-35.0,-1.5):(-2.025583,-35.035431,-2.350006):(0.0,0.0)
l_leg2:15:(-2.5,-35.0,0.5):(-3.493877,-35.039314,0.396722):(0.0,0.0)
l_foot:33:(-2.1,-2.0,1.0):(-2.100002,-0.999997,1.000001):(0.0,0.0)
l_leg2:19:(-1.5,-35.0,3.0):(-2.059644,-35.096844,3.823057):(0.0,0.0)
l_foot:37:(-1.0,-2.0,2.6):(-1.000002,-0.999997,2.600001):(0.0,0.0)
l_foot:36:(1.5,-2.0,2.6):(1.500002,-0.999997,2.600001):(0.0,0.0)
l_leg2:18:(0.5,-35.0,3.0):(1.058245,-35.113132,3.821930):(0.0,0.0)
l_foot:35:(2.6,-2.0,1.0):(2.600002,-0.999997,1.000001):(0.0,0.0)
l_leg2:14:(1.5,-35.0,0.5):(2.491973,-35.062275,0.389909):(0.0,0.0)
l_foot:34:(2.4,-2.0,-3.0):(2.465297,-1.178201,-2.433970):(0.0,0.0)
l_leg2:17:(0.5,-35.0,-1.5):(1.025212,-35.046360,-2.349710):(0.0,0.0)
l_foot:30:(1.8,-1.0,-3.7):(1.889570,-0.326229,-2.966512):(0.0,0.0)
Material:
(72,72,72,255)::
(255,225,200,255)::
FaceArray:
0,1,2:0
2,3,0:0
4,3,2:0
5,3,4:0
4,6,5:0
6,7,5:0
8,0,9:0
1,0,8:0
7,6,10:0
11,8,12:0
8,9,12:0
6,12,10:0
6,11,12:0
13,14,15:0
13,16,14:0
16,17,14:0
16,18,17:0
18,19,17:0
19,20,17:0
19,21,20:0
21,22,20:0
21,23,22:0
23,24,22:0
23,15,24:0
23,13,15:0
26,29,28:0
26,30,29:0
30,31,29:0
30,32,31:0
32,33,31:0
32,34,33:0
35,34,32:0
35,36,34:0
35,37,36:0
37,38,36:0
37,25,38:0
25,27,38:0
25,28,27:0
25,26,28:0
39,40,41:0
41,42,39:0
39,42,43:0
43,42,44:0
44,45,43:0
44,46,45:0
47,41,48:0
48,41,40:0
49,45,46:0
50,48,51:0
50,47,48:0
49,50,45:0
50,51,45:0
52,53,54:0
53,55,54:0
53,56,55:0
56,57,55:0
56,58,57:0
56,59,58:0
59,60,58:0
59,61,60:0
61,62,60:0
61,63,62:0
63,52,62:0
52,54,62:0
64,65,66:0
65,67,66:0
65,68,67:0
68,69,67:0
68,70,69:0
70,71,69:0
69,71,72:0
71,73,72:0
73,74,72:0
73,75,74:0
75,76,74:0
75,77,76:0
77,64,76:0
64,66,76:0
</>
