
<frame>
class:human.female
body::(0.0,0.0,0.0):(0.0,0.0,0.0):HPb:(0.9,0.9,0.9)
head:body:(0.0,31.0,1.0):(0.0,0.0,0.0):HPb:(0.95,0.95,0.95)
l_breast:body:(4.5,13.0,-5.5):(0.0,0.0,0.0):---:(0.9,0.9,0.6)
r_breast:body:(-4.5,13.0,-5.5):(0.0,0.0,0.0):---:(0.9,0.9,0.6)
l_arm1:body:(9.0,19.0,1.5):(0.0,0.0,0.0):bPh:(0.9,0.9,0.9)
l_arm2:l_arm1:(0.5,-19.0,0.2):(0.0,0.0,0.0):HPB:(0.9,0.9,0.9)
l_hand:l_arm2:(0.0,-18.0,0.2):(0.0,0.0,0.0):Hbp:(0.95,0.95,0.95)
r_arm1:body:(-9.0,19.0,1.5):(0.0,0.0,0.0):bPh:(0.9,0.9,0.9)
r_arm2:r_arm1:(-0.5,-19.0,0.2):(0.0,0.0,0.0):HPB:(0.9,0.9,0.9)
r_hand:r_arm2:(0.0,-18.0,0.2):(0.0,0.0,0.0):Hbp:(0.95,0.95,0.95)
waist:body:(0.0,0.0,0.0):(0.0,0.0,0.0):HPB:(0.9,0.9,0.9)
l_leg1:waist:(3.5,-14.5,0.0):(0.0,0.0,0.0):bPh:(0.9,0.9,0.9)
l_leg2:l_leg1:(1.5,-35.5,1.5):(0.0,0.0,0.0):bPh:(0.9,0.9,0.9)
l_foot:l_leg2:(-0.5,-38.0,0.5):(0.0,0.0,0.0):HPB:(0.95,0.95,0.95)
r_leg1:waist:(-3.5,-14.5,0.0):(0.0,0.0,0.0):bPh:(0.9,0.9,0.9)
r_leg2:r_leg1:(-1.5,-35.5,1.5):(0.0,0.0,0.0):bPh:(0.9,0.9,0.9)
r_foot:r_leg2:(0.5,-38.0,0.5):(0.0,0.0,0.0):HPB:(0.95,0.95,0.95)
</>

<skin>
1,0,0,0,0,0,0:ren.head
0,1,0,0,0,0,0:female.body
0,0,1,0,0,0,0:female.arms
0,0,0,2,0,0,0:female.l_hand
0,0,0,1,0,0,0:female.r_hand
0,0,0,0,1,0,0:female.waist
0,0,0,0,0,1,0:female.legs
0,0,0,0,0,0,1:female.foots
</>

<defaultcos>
ren.clothes
ren.stole
ren.shoesa
</>

<clothes>
class:human.female
0,3,3,0,2,0,0:ren.clothes_vp
</>

<shoesa>
class:human.
0,0,0,0,0,1,3:ren.shoesa_vp
</>

<stole>
class:human.female
0,4,4,0,0,0,0:ren.stole_vp
</>

<head>
body:ren.hair_r
head:ren.head
DynamicVisual:
head:127:(0.0,6.0,13.5):(0.000000,6.000000,14.499993):(0.0,0.0)
body:0:(-6.0,22.0,12.0):(-6.267936,21.885225,12.956575):(1.0,0.0)
body:1:(0.0,22.0,13.0):(-0.016200,21.859747,13.989983):(0.5,0.0)
head:120:(-5.5,6.0,12.5):(-6.086298,6.000001,13.310091):(0.0,0.0)
head:119:(-9.5,6.0,8.0):(-10.442263,5.961893,8.332713):(0.0,0.0)
body:9:(-11.0,22.0,10.0):(-11.652386,21.993484,10.757865):(0.0,0.0)
body:8:(-12.0,22.0,6.0):(-12.367617,22.022474,5.070290):(0.0,0.0)
head:126:(-10.0,6.0,3.0):(-10.975388,5.848568,2.839682):(0.0,0.0)
head:80:(-9.5,7.0,1.0):(-10.277054,6.747713,0.423330):(0.2,0.4)
head:149:(-6.5,2.0,8.0):(-5.949515,2.000000,7.165158):(0.0,0.0)
body:6:(-5.0,22.0,8.0):(-4.861271,22.031868,7.010182):(0.0,0.0)
head:279:(6.5,2.0,8.0):(5.949515,2.000000,7.165158):(0.0,0.0)
body:7:(5.0,22.0,8.0):(4.861271,22.031868,7.010182):(0.0,0.0)
head:345:(-4.0,1.5,13.0):(-3.139949,1.046922,12.765417):(0.0,0.0)
head:343:(-8.0,1.5,14.0):(-8.019521,1.355177,14.989264):(0.0,0.0)
body:20:(-8.0,21.5,14.0):(-7.044350,21.413122,13.718606):(0.0,0.0)
body:18:(-13.0,22.5,16.0):(-12.874592,22.488907,16.992041):(0.0,0.0)
head:346:(-12.0,1.5,13.5):(-12.772512,2.126791,13.601791):(0.0,0.0)
body:21:(-18.0,24.5,14.5):(-18.925762,24.839809,14.334161):(0.0,0.0)
body:19:(-13.0,22.5,15.0):(-13.078668,22.510065,14.003140):(0.0,0.0)
head:344:(-8.0,1.5,13.0):(-8.093106,1.730193,12.031305):(0.0,0.0)
body:13:(6.0,22.0,12.0):(6.252305,21.881979,12.960423):(0.0,0.0)
head:255:(5.5,6.0,12.5):(6.086298,6.000001,13.310091):(0.0,0.0)
head:254:(9.5,6.0,8.0):(10.442263,5.961893,8.332713):(0.0,0.0)
body:16:(11.0,22.0,10.0):(11.652386,21.993484,10.757865):(0.0,0.0)
body:15:(12.0,22.0,6.0):(12.367617,22.022474,5.070290):(0.0,0.0)
head:261:(10.0,6.0,3.0):(10.975388,5.848568,2.839682):(0.0,0.0)
head:223:(9.5,7.0,1.0):(10.277054,6.747713,0.423330):(0.0,0.0)
body:29:(8.0,21.5,14.0):(7.044350,21.413122,13.718606):(0.0,0.0)
head:389:(8.0,1.5,14.0):(8.019521,1.355177,14.989264):(0.0,0.0)
head:391:(4.0,1.5,13.0):(3.139949,1.046922,12.765417):(0.0,0.0)
body:27:(13.0,22.5,16.0):(12.874592,22.488907,16.992041):(0.0,0.0)
head:392:(12.0,1.5,13.5):(12.772512,2.126791,13.601791):(0.0,0.0)
body:30:(18.0,24.5,14.5):(18.925762,24.839809,14.334161):(0.0,0.0)
body:28:(13.0,22.5,15.0):(13.078668,22.510065,14.003140):(0.0,0.0)
head:390:(8.0,1.5,13.0):(8.093106,1.730193,12.031305):(0.0,0.0)
Material:
(170,200,235,255)::
(48,48,48,255)::
FaceArray:
0,1,2:0
0,3,1:0
3,4,1:0
4,5,1:0
4,6,5:0
4,7,6:0
7,8,6:0
8,9,6:0
9,10,6:0
9,11,10:0
11,12,10:0
13,14,15:1
14,16,15:1
14,17,16:1
17,18,16:1
17,19,18:1
17,20,19:1
20,15,19:1
20,13,15:1
2,21,0:0
21,22,0:0
21,23,22:0
21,24,23:0
24,25,23:0
25,26,23:0
25,27,26:0
25,11,27:0
25,12,11:0
28,29,30:1
28,31,29:1
31,32,29:1
31,33,32:1
33,34,32:1
34,35,32:1
34,28,35:1
28,30,35:1
</>

<clothes_vp>
body:ren.clothes
l_breast:ren.clothes_lb
r_breast:ren.clothes_rb
l_arm1:ren.l_clothes1
l_arm2:ren.l_clothes2
r_arm1:ren.r_clothes1
r_arm2:ren.r_clothes2
waist:ren.clothes2
skirt_f:waist:(0.0,-12.0,-3.0):ren.clothes_f
skirt_f2:skirt_f:(0.0,-35.0,-8.0):ren.clothes_f2
skirt_r:waist:(0.0,-20.0,10.0):ren.clothes_r
skirt_r2:skirt_r:(0.0,-35.0,5.0):ren.clothes_r2
DynamicVisual:
r_breast:17:(-0.3,3.3,-1.4):(-0.472077,3.942954,-2.172093):(0.0,0.0)
body:55:(-4.6,18.0,-5.3):(-4.645733,18.397686,-6.184345):(0.0,0.0)
body:7:(-2.0,16.5,-5.8):(-1.999940,16.898912,-6.687991):(0.0,0.0)
r_breast:21:(1.6,2.8,-1.8):(1.802052,3.301569,-2.579451):(0.0,0.0)
body:56:(-6.9,17.4,-4.8):(-7.405604,17.859501,-5.467561):(0.0,0.0)
r_breast:15:(-2.5,2.7,-1.1):(-2.915015,3.247159,-1.762729):(0.0,0.0)
body:57:(-8.5,15.5,-4.5):(-9.501121,15.689888,-4.638008):(0.0,0.0)
r_breast:13:(-3.8,1.1,-0.8):(-4.579753,1.400690,-1.352255):(0.0,0.0)
body:95:(-8.5,14.5,-3.9):(-9.537055,14.520954,-3.830596):(0.0,0.0)
r_breast:3:(-4.4,-0.5,0.3):(-5.402268,-0.515290,0.041339):(0.0,0.0)
body:54:(-8.6,12.8,-2.8):(-9.558702,12.711908,-2.651591):(0.0,0.0)
body:58:(-8.1,10.3,-3.0):(-9.092894,10.099652,-2.858344):(0.0,0.0)
r_breast:4:(-3.7,-2.5,-0.8):(-4.492619,-2.883633,-1.279689):(0.0,0.0)
body:35:(-7.7,8.0,-3.7):(-8.586269,7.766235,-3.976573):(0.0,0.0)
r_breast:6:(-1.7,-2.8,-2.8):(-2.193745,-3.263557,-3.631373):(0.0,0.0)
body:30:(-4.8,7.3,-5.8):(-5.102286,7.105130,-6.673078):(0.0,0.0)
r_breast:7:(-0.6,-3.1,-3.0):(-0.784736,-3.537189,-3.950459):(0.0,0.0)
r_breast:12:(0.5,-2.8,-3.2):(0.621037,-3.238191,-4.148428):(0.0,0.0)
body:6:(-2.0,8.5,-6.1):(-1.983504,8.309619,-7.031718):(0.0,0.0)
r_breast:10:(3.3,-2.5,-2.2):(3.693645,-2.892019,-3.052094):(0.0,0.0)
r_breast:19:(3.0,1.3,-1.9):(3.395842,1.722131,-2.738149):(0.0,0.0)
r_arm1:0:(-3.5,1.0,0.0):(-4.491227,1.132164,0.000000):(1.0,0.0)
body:40:(-8.5,22.5,4.0):(-9.103336,23.137890,4.488682):(0.0,0.0)
body:39:(-8.5,22.5,0.0):(-8.987479,23.335272,-0.137140):(0.0,0.0)
r_arm1:3:(-2.3,-0.5,-2.0):(-2.981893,-0.388068,-2.722837):(1.0,1.0)
body:37:(-9.0,18.5,-2.0):(-9.773236,18.682634,-2.517664):(0.0,0.0)
r_arm1:5:(1.0,-3.0,-2.5):(1.360335,-2.930591,-3.430237):(0.0,0.0)
body:31:(-8.5,15.0,-1.0):(-9.468571,14.939240,-0.947836):(0.0,0.0)
r_arm1:9:(2.0,-4.0,0.0):(3.000000,-4.000000,0.000000):(0.0,0.0)
body:36:(-8.5,15.0,3.0):(-9.177422,14.755326,3.713442):(0.0,0.0)
r_arm1:19:(1.0,-3.0,2.5):(1.360335,-2.930591,3.430237):(0.0,0.0)
body:38:(-9.0,17.5,4.0):(-9.667886,17.335426,4.747372):(0.0,0.0)
r_arm1:17:(-2.3,-0.5,2.0):(-2.981893,-0.388068,2.722837):(0.0,0.0)
r_arm1:12:(-1.7,-17.5,-2.2):(-2.341531,-17.546507,-2.965687):(0.0,0.0)
r_arm1:13:(0.7,-17.5,-2.2):(1.195041,-17.540264,-3.067937):(0.0,0.0)
r_arm2:1:(-1.5,-2.2,-2.2):(-2.036802,-2.169887,-3.043171):(0.5,0.0)
r_arm2:0:(-2.5,-0.5,0.0):(-3.498315,-0.443678,0.013957):(1.0,0.0)
r_arm1:11:(-3.0,-17.5,0.0):(-3.998053,-17.562376,0.000000):(0.0,0.0)
r_arm2:4:(-1.3,0.5,2.0):(-1.803646,0.580869,2.860117):(0.0,0.0)
r_arm1:22:(-1.7,-17.5,2.2):(-2.341531,-17.546507,2.965687):(0.0,0.0)
r_arm1:23:(0.7,-17.5,2.2):(1.195041,-17.540264,3.067937):(0.0,0.0)
r_arm2:5:(1.3,0.5,2.0):(1.803646,0.580869,2.860117):(0.0,0.0)
r_arm1:14:(2.0,-17.5,0.0):(2.998360,-17.557251,0.000000):(0.0,0.0)
r_arm2:3:(2.5,-0.5,0.0):(3.498315,-0.443678,0.013957):(1.0,1.0)
r_arm2:2:(1.5,-2.2,-2.2):(2.036802,-2.169887,-3.043171):(0.5,1.0)
waist:17:(-4.5,-1.5,-5.0):(-4.951001,-1.201321,-5.867102):(0.0,0.0)
body:18:(-4.5,3.0,-5.0):(-4.861535,2.738914,-5.832633):(0.0,0.0)
body:5:(4.5,3.0,-5.0):(4.861535,2.738914,-5.832633):(0.0,0.0)
waist:31:(4.5,-1.5,-5.0):(4.951001,-1.201321,-5.867102):(0.0,0.0)
body:32:(-7.5,3.0,0.0):(-8.447062,2.785136,0.054132):(0.0,0.0)
waist:18:(-7.5,-1.5,-0.0):(-8.442701,-1.282076,-0.209198):(0.0,0.0)
body:14:(-4.5,3.0,4.5):(-4.931564,2.888066,5.430145):(0.0,0.0)
waist:19:(-4.5,-1.5,5.0):(-5.124077,-1.289002,5.691395):(0.0,0.0)
body:1:(4.5,3.0,4.5):(4.931587,2.888053,5.430131):(0.5,0.0)
waist:33:(4.5,-1.5,5.0):(5.124077,-1.289002,5.691395):(0.0,0.0)
waist:7:(-6.5,-8.0,-7.0):(-7.103923,-7.591524,-7.699446):(0.0,0.0)
skirt_f:0:(-1.5,-5.0,-6.5):(-0.847585,-5.000332,-7.299927):(1.0,0.0)
skirt_f:6:(-8.0,-5.0,-5.5):(-8.407475,-4.860171,-6.434717):(0.0,0.0)
waist:20:(0.0,-7.0,-7.0):(0.316654,-6.692844,-7.930951):(0.0,0.0)
skirt_f:1:(-1.5,-5.0,-5.0):(-0.970938,-5.156480,-4.204131):(0.5,0.0)
waist:34:(0.0,-7.0,-6.5):(0.707107,-7.341228,-5.910012):(0.0,0.0)
skirt_f:5:(0.0,-5.0,-6.0):(0.000000,-4.910375,-7.035875):(0.0,0.0)
skirt_f:3:(-2.0,-5.0,-6.0):(-2.108617,-4.919303,-7.030915):(1.0,1.0)
waist:21:(-0.2,-7.0,-6.7):(-0.187094,-6.828885,-7.723047):(0.0,0.0)
waist:23:(0.2,-7.0,-6.7):(0.193547,-6.828885,-7.723047):(0.0,0.0)
skirt_f:17:(1.5,-5.0,-5.0):(0.944939,-5.157334,-4.221251):(0.0,0.0)
waist:6:(-10.5,-9.0,-0.0):(-11.373941,-8.604823,0.149767):(0.0,0.0)
skirt_f:7:(-14.5,-11.0,2.0):(-15.300309,-10.808977,1.417148):(0.0,0.0)
waist:5:(-8.0,-17.0,9.5):(-8.490390,-16.666882,10.243946):(0.0,0.0)
waist:4:(0.0,-17.0,10.5):(0.000000,-16.692543,11.400658):(0.0,0.0)
skirt_r:0:(0.0,-4.0,2.5):(0.000000,-3.900964,3.449810):(1.0,0.0)
skirt_r:1:(-8.5,-4.0,1.0):(-8.643589,-3.893868,1.936466):(0.5,0.0)
skirt_f:9:(-18.0,-24.0,2.0):(-18.797096,-23.806923,1.413161):(0.0,0.0)
skirt_r:3:(-10.5,-20.0,3.0):(-10.623884,-19.919872,3.942536):(1.0,1.0)
skirt_r:5:(-11.5,-32.0,4.0):(-11.616015,-31.931984,4.944813):(0.0,0.0)
skirt_f2:9:(-24.0,-16.0,11.0):(-24.660877,-16.685736,10.626698):(0.0,0.0)
skirt_f:2:(-4.5,-31.0,-8.0):(-4.715940,-30.929487,-9.014194):(0.5,1.0)
skirt_f:4:(0.0,-31.0,-9.0):(0.000000,-30.918674,-10.036804):(0.0,0.0)
skirt_f2:4:(-4.9,-1.0,-0.2):(-5.099486,-0.956179,-1.219950):(0.0,0.0)
skirt_f2:1:(0.0,-1.0,-1.2):(0.000000,-0.934221,-2.238340):(0.5,0.0)
skirt_f:25:(4.0,-31.0,-7.5):(3.444940,-31.157333,-6.721253):(0.0,0.0)
skirt_f:11:(-4.0,-31.0,-7.5):(-3.470938,-31.156481,-6.704134):(0.0,0.0)
skirt_f2:23:(4.4,-1.0,0.3):(3.902084,-1.117905,1.119766):(0.0,0.0)
skirt_f2:11:(-4.4,-1.0,0.3):(-3.902084,-1.117905,1.119766):(0.0,0.0)
skirt_f:12:(-12.0,-31.0,-5.5):(-11.393733,-31.203863,-4.767582):(0.0,0.0)
skirt_f2:5:(-13.5,-4.0,1.5):(-13.102232,-4.148389,2.366683):(0.0,0.0)
skirt_f:14:(-16.0,-24.0,2.0):(-15.212826,-24.206657,2.546902):(0.0,0.0)
skirt_f2:13:(-23.0,-16.0,11.0):(-22.476612,-16.782183,11.365067):(0.0,0.0)
skirt_f:10:(-4.0,-31.0,-9.5):(-3.689495,-30.952168,-10.490247):(0.0,0.0)
skirt_f2:7:(-4.4,-1.0,-1.7):(-4.110065,-1.014145,-2.699454):(0.0,0.0)
skirt_f:8:(-13.5,-31.0,-7.5):(-14.139927,-30.828886,-8.274145):(0.0,0.0)
skirt_f2:6:(-15.0,-4.0,0.2):(-15.551577,-3.903886,-0.658982):(0.0,0.0)
skirt_r:4:(0.0,-32.0,5.5):(-0.000000,-31.936573,6.453615):(0.0,0.0)
skirt_r2:4:(0.0,-3.0,1.0):(0.000000,-2.941956,1.954079):(0.0,0.0)
skirt_r2:5:(-11.7,-3.0,-0.5):(-11.812366,-2.939540,0.445965):(0.0,0.0)
skirt_r2:0:(-12.0,-9.0,-0.0):(-12.078696,-9.700076,0.689571):(1.0,0.0)
skirt_r:6:(-10.5,-32.0,3.5):(-10.487095,-32.189400,2.471137):(0.0,0.0)
skirt_r:13:(10.5,-32.0,3.5):(10.487095,-32.189400,2.471137):(0.0,0.0)
skirt_r2:6:(-10.5,-3.0,-1.3):(-10.442039,-3.238991,-2.318265):(0.0,0.0)
skirt_r2:10:(10.5,-3.0,-1.3):(10.442039,-3.238991,-2.318265):(0.0,0.0)
skirt_r2:2:(-11.0,-9.0,-0.5):(-10.927620,-9.779646,-1.195902):(0.5,1.0)
skirt_r:7:(-10.5,-20.0,1.5):(-10.487095,-20.140600,0.464235):(0.0,0.0)
skirt_f:15:(-13.0,-11.0,2.0):(-12.249747,-11.223931,2.588045):(0.0,0.0)
skirt_r:8:(-7.0,-5.0,0.5):(-6.987094,-5.091520,-0.540252):(0.0,0.0)
skirt_f:13:(-6.0,-5.0,-3.5):(-5.504068,-5.197668,-2.691447):(0.0,0.0)
waist:15:(-10.0,-9.0,-0.0):(-9.118450,-9.448344,-0.299824):(0.0,0.0)
waist:14:(-6.5,-17.0,9.0):(-6.084816,-17.406910,8.125482):(0.0,0.0)
waist:13:(6.5,-17.0,9.0):(6.084816,-17.406910,8.125482):(0.0,0.0)
skirt_r:9:(7.0,-5.0,0.5):(6.987094,-5.091520,-0.540253):(0.0,0.0)
waist:9:(-4.5,-4.0,-5.0):(-4.244610,-4.899199,-4.621779):(0.0,0.0)
body:60:(2.0,16.5,-5.8):(1.999940,16.898912,-6.687991):(0.0,0.0)
body:121:(4.6,18.0,-5.3):(4.645733,18.397686,-6.184345):(0.0,0.0)
l_breast:17:(0.3,3.3,-1.4):(0.472077,3.942954,-2.172092):(0.0,0.0)
l_breast:21:(-1.6,2.8,-1.8):(-1.820791,3.313871,-2.566081):(0.0,0.0)
l_breast:15:(2.5,2.7,-1.1):(2.915015,3.247160,-1.762729):(0.0,0.0)
body:122:(6.9,17.4,-4.8):(7.405604,17.859501,-5.467561):(0.0,0.0)
body:123:(8.5,15.5,-4.5):(9.501121,15.689888,-4.638008):(0.0,0.0)
l_breast:13:(3.8,1.1,-0.8):(4.579753,1.400690,-1.352255):(0.0,0.0)
body:143:(8.5,14.5,-3.9):(9.537055,14.520954,-3.830596):(0.0,0.0)
l_breast:3:(4.4,-0.5,0.3):(5.402269,-0.515290,0.041339):(0.0,0.0)
body:120:(8.6,12.8,-2.8):(9.558702,12.711908,-2.651591):(0.0,0.0)
body:124:(8.1,10.3,-3.0):(9.092894,10.099652,-2.858344):(0.0,0.0)
l_breast:4:(3.7,-2.5,-0.8):(4.492619,-2.883633,-1.279689):(0.0,0.0)
body:101:(7.7,8.0,-3.7):(8.586269,7.766235,-3.976573):(0.0,0.0)
l_breast:6:(1.7,-2.8,-2.8):(2.193744,-3.263557,-3.631373):(0.0,0.0)
body:96:(4.8,7.3,-5.8):(5.102286,7.105130,-6.673078):(0.0,0.0)
l_breast:7:(0.6,-3.1,-3.0):(0.784735,-3.537189,-3.950459):(0.0,0.0)
l_breast:12:(-0.5,-2.8,-3.2):(-0.621037,-3.238191,-4.148428):(0.0,0.0)
body:59:(2.0,8.5,-6.1):(1.983504,8.309619,-7.031718):(0.0,0.0)
l_breast:10:(-3.3,-2.5,-2.2):(-3.714509,-2.898022,-3.039199):(0.0,0.0)
l_breast:19:(-3.0,1.3,-1.9):(-3.413812,1.733279,-2.723876):(0.0,0.0)
body:105:(8.5,22.5,0.0):(8.987479,23.335272,-0.137140):(0.0,0.0)
body:106:(8.5,22.5,4.0):(9.103336,23.137890,4.488682):(0.0,0.0)
l_arm1:0:(3.5,1.0,0.0):(4.491228,1.132163,0.000000):(1.0,0.0)
l_arm1:3:(2.3,-0.5,-2.0):(2.981892,-0.388068,-2.722837):(1.0,1.0)
body:103:(9.0,18.5,-2.0):(9.773236,18.682634,-2.517664):(0.0,0.0)
l_arm1:5:(-1.0,-3.0,-2.5):(-1.360335,-2.930591,-3.430237):(0.0,0.0)
body:97:(8.5,15.0,-1.0):(9.468571,14.939240,-0.947836):(0.0,0.0)
l_arm1:9:(-2.0,-4.0,0.0):(-3.000000,-4.000000,0.000000):(0.0,0.0)
body:102:(8.5,15.0,3.0):(9.177422,14.755326,3.713442):(0.0,0.0)
l_arm1:19:(-1.0,-3.0,2.5):(-1.360335,-2.930591,3.430237):(0.0,0.0)
body:104:(9.0,17.5,4.0):(9.667886,17.335426,4.747372):(0.0,0.0)
l_arm1:17:(2.3,-0.5,2.0):(2.981892,-0.388068,2.722838):(0.0,0.0)
l_arm2:1:(1.5,-2.2,-2.2):(2.036802,-2.169887,-3.043171):(0.5,0.0)
l_arm1:13:(-0.7,-17.5,-2.2):(-1.195042,-17.540264,-3.067937):(0.0,0.0)
l_arm1:12:(1.7,-17.5,-2.2):(2.341532,-17.546507,-2.965687):(0.0,0.0)
l_arm2:0:(2.5,-0.5,0.0):(3.498315,-0.443678,0.013957):(1.0,0.0)
l_arm1:11:(3.0,-17.5,0.0):(3.998053,-17.562376,0.000000):(0.0,0.0)
l_arm2:4:(1.3,0.5,2.0):(1.803645,0.580869,2.860117):(0.0,0.0)
l_arm1:22:(1.7,-17.5,2.2):(2.341532,-17.546507,2.965687):(1.0,0.0)
l_arm2:5:(-1.3,0.5,2.0):(-1.803645,0.580869,2.860117):(0.0,0.0)
l_arm1:23:(-0.7,-17.5,2.2):(-1.195042,-17.540264,3.067937):(0.5,0.0)
l_arm1:14:(-2.0,-17.5,0.0):(-2.998360,-17.557251,0.000000):(0.0,0.0)
l_arm2:3:(-2.5,-0.5,0.0):(-3.498315,-0.443678,0.013957):(1.0,1.0)
l_arm2:2:(-1.5,-2.2,-2.2):(-2.036802,-2.169887,-3.043171):(0.5,1.0)
body:98:(7.5,3.0,0.0):(8.447062,2.785136,0.054132):(0.0,0.0)
waist:32:(7.5,-1.5,-0.0):(8.442701,-1.282076,-0.209198):(0.0,0.0)
skirt_f:20:(8.0,-5.0,-5.5):(8.407475,-4.860171,-6.434717):(0.0,0.0)
skirt_f:16:(1.5,-5.0,-6.5):(0.847585,-5.000332,-7.299927):(0.0,0.0)
waist:28:(6.5,-8.0,-7.0):(7.103923,-7.591524,-7.699446):(0.0,0.0)
skirt_f:19:(2.0,-5.0,-6.0):(2.108617,-4.919303,-7.030915):(0.0,0.0)
waist:27:(10.5,-9.0,-0.0):(11.373941,-8.604823,0.149767):(0.0,0.0)
skirt_f:21:(14.5,-11.0,2.0):(15.300309,-10.808977,1.417148):(0.0,0.0)
waist:26:(8.0,-17.0,9.5):(8.490390,-16.666882,10.243946):(0.0,0.0)
skirt_r:10:(8.5,-4.0,1.0):(8.643589,-3.893868,1.936466):(0.0,0.0)
skirt_f:23:(18.0,-24.0,2.0):(18.797096,-23.806923,1.413161):(0.0,0.0)
skirt_r:11:(10.5,-20.0,3.0):(10.623884,-19.919872,3.942536):(0.0,0.0)
skirt_r:12:(11.5,-32.0,4.0):(11.616015,-31.931984,4.944813):(0.0,0.0)
skirt_f2:21:(24.0,-16.0,11.0):(24.658962,-16.684540,10.620480):(0.0,0.0)
skirt_f2:16:(4.9,-1.0,-0.2):(5.099486,-0.956179,-1.219950):(0.0,0.0)
skirt_f:18:(4.5,-31.0,-8.0):(4.715940,-30.929487,-9.014194):(0.0,0.0)
skirt_f:26:(12.0,-31.0,-5.5):(11.374616,-31.203766,-4.782905):(0.0,0.0)
skirt_f2:17:(13.5,-4.0,1.5):(13.102232,-4.148389,2.366683):(0.0,0.0)
skirt_f:28:(16.0,-24.0,2.0):(15.212826,-24.206657,2.546902):(0.0,0.0)
skirt_f2:25:(23.0,-16.0,11.0):(22.475651,-16.784147,11.360175):(0.0,0.0)
skirt_f2:19:(4.4,-1.0,-1.7):(4.110065,-1.014145,-2.699454):(0.0,0.0)
skirt_f:24:(4.0,-31.0,-9.5):(3.689495,-30.952168,-10.490247):(0.0,0.0)
skirt_f2:18:(15.0,-4.0,0.2):(15.551577,-3.903886,-0.658982):(0.0,0.0)
skirt_f:22:(13.5,-31.0,-7.5):(14.139927,-30.828886,-8.274145):(0.0,0.0)
skirt_r2:9:(11.7,-3.0,-0.5):(11.812366,-2.939540,0.445965):(0.0,0.0)
skirt_r2:7:(12.0,-9.0,-0.0):(12.078696,-9.700076,0.689571):(0.0,0.0)
skirt_r2:8:(11.0,-9.0,-0.5):(10.927620,-9.779646,-1.195902):(0.0,0.0)
skirt_r:14:(10.5,-20.0,1.5):(10.487095,-20.140600,0.464235):(0.0,0.0)
skirt_f:29:(13.0,-11.0,2.0):(12.249747,-11.223931,2.588045):(0.0,0.0)
waist:30:(10.0,-9.0,-0.0):(9.118450,-9.448344,-0.299824):(0.0,0.0)
skirt_f:27:(6.0,-5.0,-3.5):(5.471494,-5.198436,-2.711445):(0.0,0.0)
waist:8:(4.5,-4.0,-5.0):(4.244610,-4.899199,-4.621779):(0.0,0.0)
r_breast:23:(3.5,0.0,-2.2):(3.953073,0.252310,-3.066378):(0.0,0.0)
l_breast:23:(-3.5,0.0,-2.2):(-3.953073,0.252310,-3.066378):(1.0,0.0)
r_breast:9:(3.5,-1.1,-2.3):(3.988718,-1.161840,-3.166953):(0.0,0.0)
l_breast:9:(-3.5,-1.1,-2.3):(-4.009697,-1.167784,-3.154362):(0.0,0.0)
Material:
(127,127,127,255)::
(80,80,80,255)::
FaceArray:
0,1,2:0
0,2,3:0
4,1,5:0
5,1,0:0
5,6,4:0
6,5,7:0
7,8,6:0
7,9,8:1
9,10,8:1
9,11,10:1
9,12,11:1
12,13,11:1
12,14,13:1
14,15,13:1
14,16,15:1
16,17,15:1
17,18,15:1
17,19,18:1
3,2,20:0
21,22,23:0
21,23,24:0
24,23,25:0
25,26,24:0
26,25,27:0
26,27,28:0
28,27,29:0
28,29,30:0
30,29,31:0
30,31,32:0
32,31,22:0
32,22,21:0
33,34,35:1
35,36,33:1
33,36,37:1
37,36,38:1
37,38,39:1
40,39,41:1
41,39,38:1
41,42,40:1
41,43,42:1
43,34,42:1
43,44,34:1
44,35,34:1
45,46,47:1
45,47,48:1
45,49,46:1
50,49,45:1
50,51,49:1
50,52,51:1
52,53,51:1
52,54,53:1
55,56,57:1
56,55,58:1
58,59,56:1
58,60,59:1
61,62,63:0
63,64,61:0
60,59,65:0
57,66,55:1
66,57,67:1
66,67,68:1
69,68,70:1
70,68,71:1
68,67,71:1
71,67,72:1
71,72,73:1
73,72,74:1
74,72,75:1
76,77,78:0
77,79,78:0
80,81,82:0
81,83,82:0
81,84,83:1
84,85,83:1
84,86,85:1
86,87,85:1
88,81,89:1
81,83,89:1
90,88,91:1
88,89,91:1
72,90,75:1
90,91,75:1
92,74,93:1
93,74,94:1
94,74,75:1
94,75,95:1
96,97,98:1
98,97,99:1
87,98,100:1
98,87,96:1
87,86,96:1
96,86,101:1
86,102,103:1
103,101,86:1
104,105,102:1
102,105,106:1
102,106,103:1
106,107,103:1
103,107,108:1
104,109,105:1
104,59,109:1
59,60,109:1
110,111,112:0
113,110,112:0
114,111,115:0
112,111,114:0
115,116,114:0
117,114,116:0
116,118,117:0
118,119,117:1
118,120,119:1
120,121,119:1
121,122,119:1
121,123,122:1
123,124,122:1
123,125,124:1
125,126,124:1
125,127,126:1
125,128,127:1
128,129,127:1
130,110,113:0
131,132,133:0
134,131,133:0
135,131,134:0
134,136,135:0
137,135,136:0
138,137,136:0
139,137,138:0
140,139,138:0
141,139,140:0
142,141,140:0
132,141,142:0
133,132,142:0
143,144,145:1
145,146,143:1
147,146,145:1
148,146,147:1
149,148,147:1
150,149,151:1
148,149,150:1
151,152,150:1
152,153,150:1
152,144,153:1
144,154,153:1
144,143,154:1
47,155,48:1
48,155,156:1
155,53,156:1
53,54,156:1
157,158,159:1
58,159,158:1
158,65,58:1
65,60,58:1
64,160,61:0
159,161,157:1
162,157,161:1
163,162,161:1
70,163,69:1
164,163,70:1
164,162,163:1
165,162,164:1
166,165,164:1
167,165,166:1
168,165,167:1
169,77,170:0
169,79,77:0
82,171,80:1
82,172,171:1
172,173,171:1
172,174,173:1
175,80,176:1
175,82,80:1
177,176,178:1
177,175,176:1
168,178,165:1
168,177,178:1
93,167,92:1
179,167,93:1
168,167,179:1
180,168,179:1
181,99,174:1
97,174,99:1
97,173,174:1
182,173,97:1
108,183,173:1
173,182,108:1
183,184,185:1
107,184,183:1
108,107,183:1
184,186,185:1
186,65,185:1
186,60,65:1
75,87,95:1
87,100,95:1
180,174,168:1
180,181,174:1
2,110,20:0
20,110,130:0
130,187,20:0
130,188,187:0
188,189,187:1
188,190,189:1
190,19,189:1
190,129,19:1
129,18,19:1
129,128,18:1
</>

<shoesa_vp>
l_leg1:ren.l_stocking1
l_leg2:ren.l_stocking2
l_foot:ren.l_shoea
r_leg1:ren.r_stocking1
r_leg2:ren.r_stocking2
r_foot:ren.r_shoea
DynamicVisual:
r_leg2:1:(3.5,-4.0,0.0):(4.454597,-4.040752,-0.295099):(0.5,0.0)
r_leg1:14:(0.0,-35.0,-1.5):(0.486693,-35.131565,-2.363610):(0.0,0.0)
r_leg1:13:(2.0,-33.5,1.5):(2.991338,-33.548676,1.378019):(0.0,0.0)
r_leg2:2:(1.5,-1.0,-3.0):(1.930170,-1.148411,-3.890466):(0.5,1.0)
r_leg1:15:(-2.5,-35.0,-1.5):(-2.985650,-35.126587,-2.364940):(0.0,0.0)
r_leg2:3:(-1.0,-1.0,-3.0):(-1.430171,-1.148411,-3.890466):(1.0,1.0)
r_leg2:0:(-3.0,-4.0,0.0):(-3.954600,-4.040752,-0.295099):(1.0,0.0)
r_leg1:12:(-4.5,-33.5,1.5):(-5.476725,-33.590260,1.305409):(0.0,0.0)
r_leg2:10:(-1.0,-6.0,3.5):(-1.674780,-5.931829,4.234865):(0.0,0.0)
r_leg1:16:(-2.5,-31.0,4.5):(-3.091266,-31.033466,5.305782):(0.0,0.0)
r_leg2:11:(1.5,-6.0,3.5):(2.174778,-5.931829,4.234865):(0.0,0.0)
r_leg1:17:(0.0,-31.0,4.5):(0.705614,-31.041849,5.207360):(0.0,0.0)
r_leg2:17:(-0.5,-35.0,-1.5):(-1.025212,-35.046360,-2.349710):(0.0,0.0)
r_leg2:16:(1.5,-35.0,-1.5):(2.025583,-35.035431,-2.350006):(0.0,0.0)
r_foot:30:(-1.8,-1.0,-3.7):(-1.889570,-0.326229,-2.966512):(0.0,0.0)
r_foot:31:(1.3,-1.0,-3.7):(1.389569,-0.326229,-2.966512):(0.0,0.0)
r_foot:32:(1.9,-2.0,-3.0):(1.965296,-1.178201,-2.433970):(0.0,0.0)
r_leg2:15:(2.5,-35.0,0.5):(3.493877,-35.039314,0.396722):(0.0,0.0)
r_foot:33:(2.1,-2.0,1.0):(2.100002,-0.999997,1.000001):(0.0,0.0)
r_leg2:19:(1.5,-35.0,3.0):(2.059644,-35.096844,3.823057):(0.0,0.0)
r_foot:37:(1.0,-2.0,2.6):(1.000002,-0.999997,2.600001):(0.0,0.0)
r_foot:36:(-1.5,-2.0,2.6):(-1.500002,-0.999997,2.600001):(0.0,0.0)
r_leg2:18:(-0.5,-35.0,3.0):(-1.058245,-35.113132,3.821930):(0.0,0.0)
r_foot:35:(-2.6,-2.0,1.0):(-2.600002,-0.999997,1.000001):(0.0,0.0)
r_leg2:14:(-1.5,-35.0,0.5):(-2.491973,-35.062275,0.389909):(0.0,0.0)
r_foot:34:(-2.4,-2.0,-3.0):(-2.465297,-1.178201,-2.433970):(0.0,0.0)
l_leg1:13:(-2.0,-33.5,1.5):(-2.991338,-33.548676,1.378019):(0.0,0.0)
l_leg1:14:(0.0,-35.0,-1.5):(-0.486693,-35.131565,-2.363610):(0.0,0.0)
l_leg2:1:(-3.5,-4.0,0.0):(-4.454597,-4.040752,-0.295099):(0.5,0.0)
l_leg2:2:(-1.5,-1.0,-3.0):(-1.930170,-1.148411,-3.890466):(0.5,1.0)
l_leg1:15:(2.5,-35.0,-1.5):(2.985649,-35.126587,-2.364940):(0.0,0.0)
l_leg2:3:(1.0,-1.0,-3.0):(1.430171,-1.148411,-3.890466):(1.0,1.0)
l_leg2:0:(3.0,-4.0,0.0):(3.954600,-4.040752,-0.295099):(1.0,0.0)
l_leg1:12:(4.5,-33.5,1.5):(5.476725,-33.590260,1.305409):(0.0,0.0)
l_leg2:10:(1.0,-6.0,3.5):(1.674780,-5.931829,4.234865):(0.0,0.0)
l_leg1:16:(2.5,-31.0,4.5):(3.091265,-31.033466,5.305782):(0.0,0.0)
l_leg2:11:(-1.5,-6.0,3.5):(-2.174778,-5.931829,4.234865):(0.0,0.0)
l_leg1:17:(0.0,-31.0,4.5):(-0.705614,-31.041849,5.207360):(0.0,0.0)
l_foot:31:(-1.3,-1.0,-3.7):(-1.389569,-0.326229,-2.966512):(0.0,0.0)
l_foot:32:(-1.9,-2.0,-3.0):(-1.965297,-1.178201,-2.433970):(0.0,0.0)
l_leg2:16:(-1.5,-35.0,-1.5):(-2.025583,-35.035431,-2.350006):(0.0,0.0)
l_leg2:15:(-2.5,-35.0,0.5):(-3.493877,-35.039314,0.396722):(0.0,0.0)
l_foot:33:(-2.1,-2.0,1.0):(-2.100002,-0.999997,1.000001):(0.0,0.0)
l_leg2:19:(-1.5,-35.0,3.0):(-2.059644,-35.096844,3.823057):(0.0,0.0)
l_foot:37:(-1.0,-2.0,2.6):(-1.000002,-0.999997,2.600001):(0.0,0.0)
l_foot:36:(1.5,-2.0,2.6):(1.500002,-0.999997,2.600001):(0.0,0.0)
l_leg2:18:(0.5,-35.0,3.0):(1.058245,-35.113132,3.821930):(0.0,0.0)
l_foot:35:(2.6,-2.0,1.0):(2.600002,-0.999997,1.000001):(0.0,0.0)
l_leg2:14:(1.5,-35.0,0.5):(2.491973,-35.062275,0.389909):(0.0,0.0)
l_foot:34:(2.4,-2.0,-3.0):(2.465297,-1.178201,-2.433970):(0.0,0.0)
l_leg2:17:(0.5,-35.0,-1.5):(1.025212,-35.046360,-2.349710):(0.0,0.0)
l_foot:30:(1.8,-1.0,-3.7):(1.889570,-0.326229,-2.966512):(0.0,0.0)
Material:
(100,80,80,255)::
(255,225,200,255)::
FaceArray:
0,1,2:0
0,3,1:0
3,4,1:0
3,5,4:0
5,6,4:0
6,7,4:0
6,8,7:0
8,9,7:0
8,10,9:0
10,11,9:0
10,2,11:0
10,0,2:0
13,16,15:0
13,17,16:0
17,18,16:0
17,19,18:0
19,20,18:0
19,21,20:0
22,21,19:0
22,23,21:0
22,24,23:0
24,25,23:0
24,12,25:0
12,14,25:0
12,15,14:0
12,13,15:0
26,27,28:0
27,29,28:0
27,30,29:0
30,31,29:0
30,32,31:0
30,33,32:0
33,34,32:0
33,35,34:0
35,36,34:0
35,37,36:0
37,26,36:0
26,28,36:0
38,39,40:0
39,41,40:0
39,42,41:0
42,43,41:0
42,44,43:0
44,45,43:0
43,45,46:0
45,47,46:0
47,48,46:0
47,49,48:0
49,50,48:0
49,51,50:0
51,38,50:0
38,40,50:0
</>

<stole_vp>
body:ren.stole
l_breast:ren.stole_lb
r_breast:ren.stole_rb
l_arm1:ren.l_stole
r_arm1:ren.r_stole
DynamicVisual:
body:46:(-4.5,18.0,-6.0):(-4.737309,18.464359,-6.853266):(0.0,0.0)
r_breast:6:(-0.8,0.5,-3.8):(-0.968144,0.811733,-4.735177):(0.0,0.0)
body:49:(-8.5,17.0,-5.5):(-8.735496,17.536932,-6.310095):(0.0,0.0)
r_breast:7:(-3.5,0.5,-2.8):(-4.144098,0.741903,-3.525689):(0.0,0.0)
r_breast:5:(-5.0,-0.5,-0.3):(-5.895288,-0.514302,-0.745261):(0.0,0.0)
r_arm1:10:(-1.0,-3.5,-4.5):(-1.624123,-3.421276,-5.277354):(0.0,0.0)
r_arm1:11:(-1.5,-12.5,-4.5):(-1.748149,-13.462556,-4.390944):(0.0,0.0)
r_breast:4:(-3.0,-8.0,-1.3):(-3.469374,-8.518515,-0.585281):(0.0,0.0)
r_arm1:12:(-0.5,-3.5,-4.5):(0.103257,-3.603937,-3.709259):(0.0,0.0)
r_breast:8:(-4.5,-0.5,-0.3):(-3.810439,-0.458486,0.423034):(0.0,0.0)
body:21:(-8.0,22.5,-2.0):(-8.448952,23.076233,-2.682940):(0.0,0.0)
r_arm1:0:(-2.5,-0.5,-2.5):(-3.212189,-0.262978,-3.160771):(1.0,0.0)
body:17:(-8.5,23.0,0.0):(-9.083771,23.776302,-0.237850):(0.0,0.0)
r_arm1:4:(-3.5,1.5,-0.0):(-4.332052,2.054706,-0.000002):(0.0,0.0)
body:18:(-8.5,23.0,4.0):(-9.063666,23.704586,4.431100):(0.0,0.0)
r_arm1:5:(-2.5,-0.5,2.5):(-3.217561,-0.208163,3.132411):(0.0,0.0)
body:30:(-8.5,22.5,4.5):(-8.934213,22.857359,5.326899):(0.0,0.0)
body:40:(-9.0,17.5,5.0):(-9.387511,17.577511,5.918602):(0.0,0.0)
r_arm1:6:(-4.5,-11.5,2.5):(-4.715979,-12.476133,2.477552):(0.0,0.0)
body:45:(-5.0,6.0,6.7):(-5.043682,5.959004,7.698204):(0.0,0.0)
r_arm1:9:(-2.5,-2.5,2.5):(-1.746752,-2.667381,1.863920):(0.0,0.0)
body:91:(-8.0,17.5,4.2):(-8.000002,17.287573,3.222823):(0.0,0.0)
body:47:(-1.5,17.5,-6.5):(-1.427480,17.983089,-7.365343):(0.0,0.0)
r_breast:1:(1.5,-1.0,-4.3):(1.499998,-0.961619,-5.299265):(0.5,0.0)
body:123:(4.5,18.0,-6.0):(4.737309,18.464359,-6.853266):(0.0,0.0)
body:125:(8.5,17.0,-5.5):(8.735496,17.536932,-6.310095):(0.0,0.0)
l_breast:6:(0.8,0.5,-3.8):(0.968144,0.811733,-4.735177):(0.0,0.0)
l_breast:7:(3.5,0.5,-2.8):(4.144099,0.741903,-3.525689):(0.0,0.0)
l_breast:5:(5.0,-0.5,-0.3):(5.895288,-0.514302,-0.745261):(0.0,0.0)
l_arm1:10:(1.0,-3.5,-4.5):(1.624123,-3.421276,-5.277354):(1.0,0.0)
l_arm1:11:(1.5,-12.5,-4.5):(1.748149,-13.462556,-4.390942):(0.5,0.0)
l_breast:4:(3.0,-8.0,-1.3):(3.469374,-8.518515,-0.585281):(0.0,0.0)
l_breast:8:(4.5,-0.5,-0.3):(3.810439,-0.458486,0.423034):(1.0,0.0)
l_arm1:12:(0.5,-3.5,-4.5):(-0.103257,-3.603937,-3.709259):(0.5,1.0)
body:111:(8.0,22.5,-2.0):(8.448952,23.076233,-2.682940):(0.0,0.0)
l_arm1:0:(2.5,-0.5,-2.5):(3.212189,-0.262978,-3.160771):(1.0,0.0)
body:107:(8.5,23.0,0.0):(9.083771,23.776302,-0.237850):(0.0,0.0)
l_arm1:4:(3.5,1.5,-0.0):(4.332052,2.054706,-0.000002):(0.0,0.0)
body:108:(8.5,23.0,4.0):(9.063666,23.704586,4.431100):(0.0,0.0)
l_arm1:5:(2.5,-0.5,2.5):(3.217561,-0.208163,3.132411):(0.0,0.0)
body:116:(8.5,22.5,4.5):(8.934213,22.857359,5.326899):(0.0,0.0)
body:121:(9.0,17.5,5.0):(9.387511,17.577511,5.918602):(0.0,0.0)
l_arm1:6:(4.5,-11.5,2.5):(4.715981,-12.476132,2.477552):(0.0,0.0)
body:44:(5.0,6.0,6.7):(5.043682,5.959004,7.698204):(0.0,0.0)
l_arm1:9:(2.5,-2.5,2.5):(1.746752,-2.667381,1.863920):(0.0,0.0)
body:90:(8.0,17.5,4.2):(8.000002,17.287573,3.222823):(0.0,0.0)
body:124:(1.5,17.5,-6.5):(1.427480,17.983089,-7.365343):(0.0,0.0)
l_breast:1:(-1.5,-1.0,-4.3):(-1.499998,-0.961619,-5.299265):(0.5,0.0)
Material:
(80,80,80,255)::
FaceArray:
1,2,0:0
3,2,1:0
4,2,3:0
4,5,2:0
5,4,6:0
6,4,7:0
8,6,9:0
6,7,9:0
5,10,2:0
5,11,10:0
11,12,10:0
11,13,12:0
13,14,12:0
13,15,14:0
15,16,14:0
15,17,16:0
15,18,17:0
18,19,17:0
18,20,19:0
20,21,19:0
1,0,22:0
22,23,1:0
24,25,26:0
26,25,27:0
27,25,28:0
25,29,28:0
30,28,29:0
31,28,30:0
32,30,33:0
32,31,30:0
25,34,29:0
34,35,29:0
34,36,35:0
36,37,35:0
36,38,37:0
38,39,37:0
38,40,39:0
40,41,39:0
41,42,39:0
41,43,42:0
43,44,42:0
43,45,44:0
46,24,26:0
26,47,46:0
</>
