

<frame>
class:human.female
body::(0.0,0.0,0.0):(0.0,0.0,0.0):HPb:(1.12,1.11,1.11)
head:body:(0.0,31.0,1.0):(0.0,0.0,0.0):HPb:
l_breast:body:(4.5,13.0,-5.5):(0.0,0.0,0.0):---:(1.12,1.11,1.11)
r_breast:body:(-4.5,13.0,-5.5):(0.0,0.0,0.0):---:(1.12,1.11,1.11)
l_arm1:body:(9.0,19.0,1.5):(0.0,0.0,0.0):bPh:(1.1,1.11,1.1)
l_arm2:l_arm1:(0.5,-19.0,0.2):(0.0,0.0,0.0):HPB:(1.1,1.11,1.1)
l_hand:l_arm2:(0.0,-18.0,0.2):(0.0,0.0,0.0):Hbp:(1.1,1.1,1.1)
r_arm1:body:(-9.0,19.0,1.5):(0.0,0.0,0.0):bPh:(1.1,1.11,1.1)
r_arm2:r_arm1:(-0.5,-19.0,0.2):(0.0,0.0,0.0):HPB:(1.1,1.11,1.1)
r_hand:r_arm2:(0.0,-18.0,0.2):(0.0,0.0,0.0):Hbp:(1.1,1.1,1.1)
waist:body:(0.0,0.0,0.0):(0.0,0.0,0.0):HPB:(1.1,1.1,1.1)
l_leg1:waist:(3.5,-14.5,0.0):(0.0,0.0,0.0):bPh:(1.12,1.11,1.12)
l_leg2:l_leg1:(1.5,-35.5,1.5):(0.0,0.0,0.0):bPh:(1.11,1.11,1.11)
l_foot:l_leg2:(-0.5,-38.0,0.5):(0.0,0.0,0.0):HPB:(1.11,1.11,1.11)
r_leg1:waist:(-3.5,-14.5,0.0):(0.0,0.0,0.0):bPh:(1.12,1.11,1.12)
r_leg2:r_leg1:(-1.5,-35.5,1.5):(0.0,0.0,0.0):bPh:(1.11,1.11,1.11)
r_foot:r_leg2:(0.5,-38.0,0.5):(0.0,0.0,0.0):HPB:(1.11,1.11,1.11)
</>

<skin>
1,0,0,0,0,0,0:rina.head
0,1,0,0,0,0,0:female.body
0,0,1,0,0,0,0:female.arms
0,0,0,2,0,0,0:female.l_hand
0,0,0,1,0,0,0:female.r_hand
0,0,0,0,1,0,0:female.waist
0,0,0,0,0,1,0:female.legs
0,0,0,0,0,0,1:female.foots
</>

<defaultcos>
rina.costume
rina.armsA
rina.skirtA
rina.shoesA
</>

<costume>
class:human.female
0,3,2,0,4,0,0:rina.costume_vp
</>

<armsa>
class:human.
0,0,1,3,0,0,0:rina.armsa_vp
</>

<skirtA>
class:human.
0,0,0,0,2,0,0:rina.skirta_vp
</>

<shoesA>
class:human.
0,0,0,0,0,1,3:rina.shoesa_vp
</>

<head>
head:rina.head
body:rina.hair_r
DynamicVisual:
head:76:(0.0,5.0,14.0):(0.000000,5.054465,14.998515):(0.1,0.6)
head:75:(-5.5,5.0,13.0):(-6.012504,5.016497,13.858528):(0.5,0.9)
body:11:(0.0,25.0,13.0):(0.000000,24.757463,13.970141):(0.8,0.4)
body:12:(-5.5,25.0,12.0):(-5.955045,24.784029,12.863882):(1.0,0.4)
head:73:(-9.5,5.0,8.0):(-10.378736,4.982656,8.477003):(0.1,0.8)
body:13:(-10.5,25.0,7.0):(-11.313986,24.752985,6.474242):(0.0,0.4)
head:97:(-10.5,5.5,5.0):(-11.464268,5.276139,4.858289):(0.4,0.4)
head:84:(-4.5,2.0,9.0):(-4.210222,2.000000,8.042907):(0.0,0.0)
body:1:(-5.5,25.0,9.0):(-5.310951,24.975458,8.018339):(0.5,0.4)
head:86:(4.5,2.0,9.0):(4.210222,2.000000,8.042907):(0.0,0.0)
body:2:(5.5,25.0,9.0):(5.310951,24.975458,8.018339):(0.7,0.4)
head:95:(-9.0,-1.0,0.9):(-9.932076,-1.019307,0.538247):(0.5,0.8)
body:25:(-7.2,22.5,-4.2):(-7.752059,22.739326,-4.998719):(0.0,0.0)
body:26:(-7.7,22.5,-2.5):(-8.300441,22.055853,-1.835014):(0.0,0.0)
head:94:(-7.4,0.0,0.1):(-6.735638,0.439427,-0.504589):(0.3,0.5)
body:24:(-5.5,22.5,-4.0):(-4.542403,22.400391,-4.270337):(0.0,0.0)
head:96:(-8.0,-1.5,1.7):(-8.193397,-2.103597,2.473478):(0.5,0.9)
head:254:(5.5,5.0,13.0):(6.011960,5.046786,13.857736):(0.0,0.0)
body:20:(5.5,25.0,12.0):(5.955045,24.784029,12.863882):(0.0,0.0)
head:252:(9.5,5.0,8.0):(10.378823,5.011493,8.477017):(0.0,0.0)
body:21:(10.5,25.0,7.0):(11.313986,24.752985,6.474242):(0.0,0.0)
head:262:(10.5,5.5,5.0):(11.464268,5.276139,4.858289):(0.0,0.0)
body:36:(7.7,22.5,-2.5):(8.369350,22.083488,-1.884784):(0.0,0.0)
body:35:(7.2,22.5,-4.2):(7.703184,22.722725,-5.034983):(0.0,0.0)
head:260:(9.0,-1.0,0.9):(9.932076,-1.019307,0.538247):(0.0,0.0)
head:259:(7.4,0.0,0.1):(6.735638,0.439427,-0.504589):(0.0,0.0)
body:34:(5.5,22.5,-4.0):(4.555603,22.172209,-4.025752):(0.0,0.0)
head:261:(8.0,-1.5,1.7):(8.193397,-2.103597,2.473478):(0.0,0.0)
Material:
(180,127,70,255)::
FaceArray:
0,1,2:0
1,3,2:0
1,4,3:0
3,4,5:0
4,6,5:0
6,7,5:0
7,8,5:0
7,9,8:0
9,10,8:0
11,12,13:0
11,14,12:0
12,14,15:0
16,11,13:0
13,15,16:0
15,14,16:0
2,17,0:0
2,18,17:0
18,19,17:0
20,19,18:0
20,21,19:0
20,9,21:0
20,10,9:0
22,23,24:0
23,25,24:0
26,25,23:0
22,24,27:0
27,26,22:0
27,25,26:0
</>

<costume_vp>
body:rina.costume
l_breast:rina.costume_lb
r_breast:rina.costume_rb
l_arm1:rina.l_costume1
r_arm1:rina.r_costume1
waist:rina.costume2
skirt_f:waist:(0.0,-12.0,-3.0):rina.costume_f
DynamicVisual:
body:50:(-4.6,18.0,-5.3):(-4.611875,18.433765,-6.170586):(0.0,0.0)
r_breast:15:(-0.3,3.3,-1.4):(-0.471190,3.942954,-2.172250):(0.0,0.0)
r_breast:13:(-2.3,2.8,-1.1):(-2.673998,3.359947,-1.778017):(0.0,0.0)
body:51:(-6.9,17.4,-4.8):(-7.399792,17.874910,-5.461776):(0.0,0.0)
r_breast:11:(-3.8,1.4,-0.9):(-4.518238,1.820533,-1.473062):(0.0,0.0)
body:5:(-2.0,17.2,-5.5):(-2.002084,17.646151,-6.366013):(0.0,0.0)
r_breast:19:(1.6,2.8,-1.8):(1.749777,3.320642,-2.579449):(0.0,0.0)
body:55:(-0.6,15.1,-6.4):(-0.617751,15.493923,-7.290560):(0.0,0.0)
r_breast:17:(3.0,1.3,-2.2):(3.477512,1.626386,-3.031273):(0.0,0.0)
r_breast:9:(4.1,-0.5,-1.7):(4.796701,-0.291143,-2.398401):(0.0,0.0)
body:56:(0.6,15.1,-6.4):(0.617751,15.493923,-7.290560):(0.0,0.0)
l_breast:9:(-4.1,-0.5,-1.7):(-4.796701,-0.291143,-2.398401):(0.0,0.0)
body:52:(-8.5,15.7,-4.5):(-9.493664,15.934720,-4.625005):(0.0,0.0)
r_breast:2:(-4.5,-0.5,1.3):(-5.524520,-0.506724,1.162535):(0.5,1.0)
body:49:(-8.8,12.5,-2.8):(-9.760902,12.447445,-2.648418):(0.0,0.0)
body:53:(-8.3,10.3,-3.0):(-9.281602,10.039077,-2.901323):(0.0,0.0)
r_breast:3:(-3.9,-2.7,1.2):(-4.900764,-2.999243,1.072863):(0.0,0.0)
body:66:(-7.9,9.0,-3.6):(-8.867388,8.720092,-3.712260):(0.0,0.0)
r_breast:4:(-3.8,-2.5,-0.9):(-4.593416,-2.886340,-1.376143):(0.0,0.0)
body:65:(-6.6,6.5,-4.0):(-7.408887,6.177061,-4.490848):(0.0,0.0)
r_breast:6:(-1.7,-2.8,-2.8):(-2.267269,-3.333795,-3.538927):(0.0,0.0)
body:63:(-4.6,6.5,-6.0):(-4.994016,6.303853,-6.876925):(0.0,0.0)
r_breast:46:(-1.0,-3.1,-3.1):(-1.394922,-3.499510,-4.003121):(1.0,0.0)
r_arm1:46:(1.2,-3.5,-2.7):(1.760392,-3.552850,-3.526540):(0.5,1.0)
body:27:(-8.5,15.0,-1.0):(-9.469713,14.963731,-0.940203):(0.0,0.0)
r_arm1:48:(2.2,-4.5,0.0):(3.199907,-4.513628,0.000810):(0.0,0.0)
r_arm1:50:(1.2,-3.0,2.7):(1.758072,-3.055197,3.527955):(0.0,0.0)
body:31:(-8.5,15.0,3.0):(-9.286680,14.725736,3.558329):(0.0,0.0)
body:33:(-9.0,17.5,4.0):(-9.747132,17.357141,4.663348):(0.0,0.0)
r_arm1:44:(-2.7,-1.9,2.7):(-3.426073,-1.965993,3.384443):(0.0,0.0)
body:35:(-8.5,22.5,4.0):(-9.000600,23.265976,4.413504):(0.0,0.0)
body:34:(-8.5,22.5,0.0):(-8.913557,23.361042,-0.199595):(0.0,0.0)
r_arm1:0:(-3.0,1.0,0.0):(-3.980580,1.196116,0.000000):(1.0,0.0)
r_arm1:3:(-1.8,-0.0,-2.0):(-2.490121,0.134414,-2.711102):(1.0,1.0)
body:32:(-9.0,18.5,-2.0):(-9.773236,18.682634,-2.517664):(0.0,0.0)
r_arm1:5:(1.0,-3.0,-2.5):(1.364588,-2.960278,-3.430322):(0.0,0.0)
r_arm1:11:(-1.8,-0.0,2.0):(-2.490121,0.134413,2.711102):(0.0,0.0)
r_arm1:13:(1.0,-3.0,2.5):(1.364588,-2.960278,3.430321):(0.0,0.0)
r_arm1:52:(-1.7,-1.0,-3.2):(-2.196790,-0.203619,-3.540613):(0.0,0.0)
r_breast:24:(-3.4,3.0,-0.8):(-3.855550,3.465877,-1.540374):(0.0,0.0)
r_arm1:54:(-2.3,-1.5,-3.5):(-3.115675,-1.114069,-3.934433):(0.0,0.0)
r_breast:34:(-3.9,2.2,-1.0):(-4.453402,2.615087,-1.706802):(0.0,0.0)
r_breast:23:(-3.9,1.4,-1.0):(-4.447304,0.558184,-1.075855):(0.0,0.0)
r_arm1:53:(-2.2,-2.5,-3.4):(-2.926072,-3.157240,-3.628922):(0.0,0.0)
r_arm1:61:(-2.2,-2.5,-2.4):(-2.499918,-3.459361,-2.371417):(0.0,0.0)
r_breast:54:(-3.4,1.4,-1.0):(-3.417749,0.483847,-0.570600):(0.0,0.0)
r_arm1:9:(2.0,-4.0,0.0):(2.999955,-4.009483,0.000000):(0.0,0.0)
body:69:(-8.0,18.0,5.2):(-8.157776,18.700159,5.928712):(0.0,0.0)
r_arm1:58:(-2.2,-0.5,2.2):(-2.755013,0.305911,2.477310):(0.0,0.0)
body:68:(-8.0,17.5,5.7):(-8.241425,17.744307,6.672134):(0.0,0.0)
r_arm1:59:(-2.9,-1.0,2.7):(-3.773995,-0.631939,3.091052):(0.0,0.0)
r_arm1:60:(-2.5,-2.0,3.2):(-3.111331,-2.768947,3.466010):(0.0,0.0)
body:67:(-8.0,16.5,5.4):(-8.201974,15.704959,6.006464):(0.0,0.0)
r_arm1:63:(-2.2,-2.0,2.4):(-2.217750,-2.999994,2.428578):(0.0,0.0)
body:91:(-8.0,16.5,4.4):(-8.067688,15.501259,4.428578):(0.0,0.0)
r_breast:7:(-0.6,-3.1,-3.2):(-0.845844,-3.501078,-4.152306):(0.0,0.0)
body:61:(-4.2,6.5,-6.0):(-4.254066,6.302622,-6.951068):(0.0,0.0)
r_breast:10:(0.5,-2.8,-3.4):(0.632588,-3.248878,-4.341949):(0.0,0.0)
body:58:(-0.2,7.5,-6.5):(-0.284028,7.339695,-7.456253):(0.0,0.0)
r_breast:37:(3.0,-2.5,-2.4):(3.481931,-2.843561,-3.222614):(0.0,0.0)
r_breast:22:(4.3,-0.5,-2.0):(4.835273,-0.456153,-2.803425):(0.0,0.0)
body:60:(-0.2,4.0,-6.0):(-0.280830,3.858865,-6.959392):(0.0,0.0)
body:59:(0.2,4.0,-6.0):(0.280830,3.858865,-6.959392):(0.0,0.0)
waist:1:(-0.2,0.0,-6.0):(-0.290129,0.208273,-6.946804):(0.5,0.0)
waist:0:(0.2,0.0,-6.0):(0.290129,0.208273,-6.946804):(1.0,0.0)
body:62:(-4.1,4.0,-5.5):(-4.184027,3.821435,-6.453107):(0.0,0.0)
waist:9:(-4.4,1.0,-5.5):(-4.465500,1.047753,-6.469131):(0.0,0.0)
body:64:(-4.5,4.0,-5.5):(-5.072835,3.711279,-6.251490):(0.0,0.0)
waist:4:(-4.8,1.0,-5.5):(-5.316303,1.000005,-6.338274):(0.0,0.0)
body:28:(-7.5,4.0,0.0):(-8.421817,3.702671,-0.030421):(0.0,0.0)
waist:6:(-8.0,-1.0,0.0):(-9.017656,-0.999995,0.014788):(0.0,0.0)
body:12:(-4.5,4.0,4.5):(-4.914992,3.859974,5.434639):(0.0,0.0)
waist:11:(-5.0,-2.0,5.5):(-5.388899,-1.908282,6.452619):(0.0,0.0)
body:1:(4.5,4.0,4.5):(4.915002,3.859966,5.434632):(0.5,0.0)
waist:27:(5.0,-2.0,5.5):(5.381915,-1.890814,6.453498):(0.0,0.0)
waist:28:(-8.0,-8.0,-6.0):(-8.792957,-7.669826,-6.509973):(0.0,0.0)
waist:25:(-5.0,-7.0,-8.1):(-5.328380,-6.631918,-8.947786):(0.0,0.0)
skirt_f:0:(-5.9,-5.0,-7.0):(-6.296916,-4.877092,-7.888545):(1.0,0.0)
waist:29:(-8.3,-8.6,-5.8):(-8.410607,-9.473704,-5.297714):(0.0,0.0)
skirt_f:3:(-6.2,-5.0,-6.7):(-7.040895,-5.356135,-6.229151):(1.0,1.0)
waist:3:(-0.2,-7.1,-8.0):(-0.239068,-6.806516,-8.927140):(1.0,1.0)
skirt_f:2:(-5.4,-5.0,-7.0):(-4.569678,-5.469150,-7.217706):(0.5,1.0)
waist:26:(0.0,-7.5,-8.1):(0.000000,-8.393948,-7.623252):(0.0,0.0)
l_breast:13:(2.3,2.8,-1.1):(2.673998,3.359947,-1.778017):(0.0,0.0)
l_breast:15:(0.3,3.3,-1.4):(0.471189,3.942954,-2.172249):(0.0,0.0)
body:117:(4.6,18.0,-5.3):(4.611875,18.433765,-6.170586):(0.0,0.0)
body:118:(6.9,17.4,-4.8):(7.399792,17.874910,-5.461776):(0.0,0.0)
l_breast:11:(3.8,1.4,-0.9):(4.506580,1.816111,-1.491994):(0.0,0.0)
body:54:(2.0,17.2,-5.5):(2.002084,17.646151,-6.366013):(0.0,0.0)
l_breast:19:(-1.6,2.8,-1.8):(-1.772606,3.340148,-2.561012):(0.0,0.0)
l_breast:17:(-3.0,1.3,-2.2):(-3.492372,1.638922,-3.017841):(0.0,0.0)
body:119:(8.5,15.7,-4.5):(9.493664,15.934720,-4.625005):(0.0,0.0)
l_breast:2:(4.5,-0.5,1.3):(5.524520,-0.506724,1.162535):(0.5,1.0)
body:116:(8.8,12.5,-2.8):(9.760902,12.447445,-2.648418):(0.0,0.0)
body:120:(8.3,10.3,-3.0):(9.281602,10.039077,-2.901323):(0.0,0.0)
l_breast:3:(3.9,-2.7,1.2):(4.900764,-2.999243,1.072863):(0.0,0.0)
body:126:(7.9,9.0,-3.6):(8.867388,8.720092,-3.712260):(0.0,0.0)
l_breast:4:(3.8,-2.5,-0.9):(4.598296,-2.887853,-1.365652):(0.0,0.0)
body:125:(6.6,6.5,-4.0):(7.408887,6.177061,-4.490848):(0.0,0.0)
l_breast:6:(1.7,-2.8,-2.8):(2.267269,-3.333795,-3.538927):(0.0,0.0)
body:123:(4.6,6.5,-6.0):(4.994016,6.303853,-6.876925):(0.0,0.0)
l_breast:44:(1.0,-3.1,-3.1):(1.394923,-3.499510,-4.003120):(0.0,0.0)
l_arm1:48:(-2.2,-4.5,0.0):(-3.199908,-4.513629,0.000810):(0.0,0.0)
body:94:(8.5,15.0,-1.0):(9.469713,14.963731,-0.940203):(0.0,0.0)
l_arm1:46:(-1.2,-3.5,-2.7):(-1.758716,-3.562028,-3.527037):(0.0,0.0)
l_arm1:50:(-1.2,-3.0,2.7):(-1.759537,-3.047524,3.527442):(0.0,0.0)
body:98:(8.5,15.0,3.0):(9.286680,14.725736,3.558329):(0.0,0.0)
body:100:(9.0,17.5,4.0):(9.748845,17.352850,4.660155):(0.0,0.0)
l_arm1:44:(2.7,-1.9,2.7):(3.425491,-1.961203,3.385504):(0.0,0.0)
l_arm1:0:(3.0,1.0,0.0):(3.980581,1.196117,0.000000):(1.0,0.0)
body:101:(8.5,22.5,0.0):(8.913557,23.361042,-0.199595):(0.0,0.0)
body:102:(8.5,22.5,4.0):(9.002976,23.264652,4.412817):(0.0,0.0)
l_arm1:3:(1.8,0.0,-2.0):(2.490120,0.134414,-2.711103):(1.0,1.0)
body:99:(9.0,18.5,-2.0):(9.773236,18.682634,-2.517664):(0.0,0.0)
l_arm1:5:(-1.0,-3.0,-2.5):(-1.364588,-2.960278,-3.430322):(0.0,0.0)
l_arm1:11:(1.8,0.0,2.0):(2.490120,0.134414,2.711103):(0.0,0.0)
l_arm1:13:(-1.0,-3.0,2.5):(-1.364588,-2.960278,3.430321):(0.0,0.0)
l_arm1:54:(2.3,-1.5,-3.5):(3.114681,-1.110971,-3.933551):(0.0,0.0)
l_breast:22:(3.4,3.0,-0.8):(3.855550,3.465877,-1.540374):(0.0,0.0)
l_arm1:52:(1.7,-1.0,-3.2):(2.230612,-0.230693,-3.552399):(0.0,0.0)
l_breast:32:(3.9,2.2,-1.0):(4.453402,2.615087,-1.706802):(0.5,1.0)
l_arm1:61:(2.2,-2.5,-2.4):(2.602368,-3.423072,-2.371417):(0.0,0.0)
l_breast:21:(3.9,1.4,-1.0):(4.447304,0.558184,-1.075855):(0.0,0.0)
l_arm1:53:(2.2,-2.5,-3.4):(2.977800,-3.096108,-3.630212):(0.0,0.0)
l_breast:52:(3.4,1.4,-1.0):(3.417749,0.483847,-0.570600):(0.0,0.0)
l_arm1:9:(-2.0,-4.0,0.0):(-2.999955,-4.009483,0.000000):(0.0,0.0)
body:128:(8.0,17.5,5.7):(8.241425,17.744307,6.672134):(0.0,0.0)
l_arm1:58:(2.2,-0.5,2.2):(2.676564,0.361174,2.447396):(0.0,0.0)
body:129:(8.0,18.0,5.2):(8.157776,18.700159,5.928712):(0.0,0.0)
l_arm1:59:(2.9,-1.0,2.7):(3.734441,-0.540956,3.078306):(0.0,0.0)
l_arm1:60:(2.5,-2.0,3.2):(3.145228,-2.736197,3.482104):(0.0,0.0)
body:127:(8.0,16.5,5.4):(8.201974,15.704959,6.006464):(0.0,0.0)
l_arm1:63:(2.2,-2.0,2.4):(2.217751,-2.999994,2.428578):(0.0,0.0)
body:144:(8.0,16.5,4.4):(8.067688,15.501259,4.428578):(0.0,0.0)
l_breast:7:(0.6,-3.1,-3.2):(0.845843,-3.501078,-4.152306):(0.0,0.0)
body:121:(4.2,6.5,-6.0):(4.254066,6.302622,-6.951068):(0.0,0.0)
l_breast:10:(-0.5,-2.8,-3.4):(-0.632588,-3.248878,-4.341949):(0.0,0.0)
body:57:(0.2,7.5,-6.5):(0.284028,7.339695,-7.456253):(0.0,0.0)
l_breast:35:(-3.0,-2.5,-2.4):(-3.481931,-2.843561,-3.222614):(0.0,0.0)
l_breast:54:(-4.3,-0.5,-2.0):(-4.835273,-0.456153,-2.803424):(0.0,0.0)
waist:46:(4.4,1.0,-5.5):(4.465500,1.047753,-6.469131):(0.0,0.0)
body:122:(4.1,4.0,-5.5):(4.184027,3.821435,-6.453107):(0.0,0.0)
waist:41:(4.8,1.0,-5.5):(5.316303,1.000005,-6.338274):(0.0,0.0)
body:124:(4.5,4.0,-5.5):(5.072835,3.711279,-6.251490):(0.0,0.0)
body:95:(7.5,4.0,0.0):(8.421817,3.702671,-0.030421):(0.0,0.0)
waist:43:(8.0,-1.0,0.0):(9.017656,-0.999995,0.014788):(0.0,0.0)
skirt_f:4:(5.9,-5.0,-7.0):(6.296916,-4.877092,-7.888545):(0.0,0.0)
waist:55:(5.0,-7.0,-8.1):(5.328380,-6.631918,-8.947786):(0.0,0.0)
waist:56:(8.0,-8.0,-6.0):(8.793024,-7.670002,-6.509986):(0.0,0.0)
skirt_f:7:(6.2,-5.0,-6.7):(7.040895,-5.356135,-6.229151):(0.0,0.0)
waist:57:(8.3,-8.6,-5.8):(8.410685,-9.473791,-5.297893):(0.0,0.0)
waist:2:(0.2,-7.1,-8.0):(0.239068,-6.806516,-8.927140):(0.5,1.0)
skirt_f:6:(5.4,-5.0,-7.0):(4.569678,-5.469150,-7.217706):(0.0,0.0)
r_breast:21:(4.3,1.0,-1.5):(4.979022,1.012536,-2.188595):(0.0,0.0)
l_breast:53:(-4.3,1.0,-1.5):(-4.979022,1.012536,-2.188595):(0.0,0.0)
Material:
(32,32,32,255)::
(255,225,200,255)::
(64,100,240,255)::
(240,255,255,255)::
(255,230,64,255)::
FaceArray:
0,1,2:0
0,2,3:0
3,2,4:0
0,5,1:0
5,6,1:0
5,7,6:0
7,8,6:0
7,9,8:0
7,10,9:0
10,11,9:0
12,3,4:1
12,4,13:2
13,14,12:2
13,15,14:2
13,16,15:2
16,17,15:2
16,18,17:2
18,19,17:2
18,20,19:2
20,21,19:2
20,22,21:2
23,24,25:2
24,26,25:2
24,27,26:2
27,28,26:2
28,29,26:2
30,31,32:1
33,32,31:1
34,33,31:1
33,34,35:1
35,34,24:1
36,30,32:1
30,36,28:1
36,37,28:1
38,39,40:3
40,39,41:3
43,42,44:3
44,42,45:3
35,24,46:1
47,48,49:3
49,48,50:3
49,50,51:3
49,51,52:3
52,51,53:3
52,53,54:3
22,55,21:4
55,56,21:4
55,57,56:3
57,58,56:3
57,59,58:3
59,60,58:3
61,62,63:4
63,62,64:4
65,61,66:3
66,61,63:3
67,65,68:4
68,65,66:4
69,67,68:2
68,70,69:2
69,70,71:2
71,70,72:2
71,72,73:2
73,72,74:2
75,76,77:3
78,75,79:4
79,75,77:4
76,80,77:3
77,80,81:4
81,80,82:4
81,82,78:3
81,78,79:3
40,41,43:3
43,41,42:3
83,84,85:0
86,83,85:0
87,83,86:0
84,88,85:0
84,89,88:0
89,10,88:0
89,90,10:0
90,11,10:0
87,86,91:1
92,87,91:2
91,93,92:2
93,94,92:2
94,95,92:2
94,96,95:2
96,97,95:2
96,98,97:2
98,99,97:2
98,100,99:2
100,101,99:2
102,103,104:2
102,105,103:2
105,106,103:2
105,107,106:2
105,108,107:2
109,110,111:1
110,109,112:1
110,112,113:1
114,113,112:1
103,113,114:1
109,111,115:1
107,115,111:1
107,116,115:1
117,118,119:3
120,118,117:3
121,122,123:3
124,122,121:3
125,103,114:1
126,127,128:3
129,127,126:3
130,129,126:3
131,130,126:3
132,130,131:3
133,132,131:3
100,134,101:4
100,135,134:4
135,136,134:3
135,137,136:3
137,138,136:3
137,139,138:3
140,62,141:3
64,62,140:3
142,141,143:4
140,141,142:4
142,143,144:2
144,145,142:2
73,145,144:2
74,145,73:2
146,147,148:3
149,148,150:4
146,148,149:4
146,151,147:3
152,151,146:4
82,151,152:4
150,82,152:3
149,150,152:3
123,120,117:3
122,120,123:3
60,139,58:4
139,137,58:4
153,154,60:4
154,139,60:4
</>

<armsa_vp>
l_arm1:rina.l_arm1
l_arm2:rina.l_arm2
l_hand:rina.l_arm3
r_arm1:rina.r_arm1
r_arm2:rina.r_arm2
r_hand:rina.r_arm3
DynamicVisual:
r_arm1:17:(-1.7,-17.5,-2.0):(-2.375355,-17.532679,-2.736770):(0.0,0.0)
r_arm1:18:(0.7,-17.5,-2.0):(1.225024,-17.543669,-2.849967):(0.0,0.0)
r_arm2:1:(-1.5,-2.2,-2.0):(-2.007889,-2.108231,-2.856521):(0.5,0.0)
r_arm2:2:(1.5,-2.2,-2.0):(2.007889,-2.108231,-2.856521):(0.5,1.0)
r_arm1:16:(-2.9,-17.5,0.0):(-3.899912,-17.513330,0.000000):(0.0,0.0)
r_arm2:0:(-2.5,-0.5,0.0):(-3.496609,-0.429744,0.042821):(1.0,0.0)
r_arm2:4:(-1.0,0.5,2.0):(-1.459424,0.541766,2.887235):(0.0,0.0)
r_arm1:20:(-1.7,-17.5,2.0):(-2.375355,-17.532675,2.736769):(0.0,0.0)
r_arm1:21:(0.7,-17.5,2.0):(1.225024,-17.543665,2.849967):(0.0,0.0)
r_arm2:5:(1.0,0.5,2.0):(1.459424,0.541766,2.887235):(0.0,0.0)
r_arm1:19:(1.7,-17.5,0.0):(2.698915,-17.546555,0.000000):(0.0,0.0)
r_arm2:3:(2.5,-0.5,0.0):(3.496609,-0.429744,0.042821):(1.0,1.0)
r_arm2:13:(-1.0,-17.0,-1.3):(-1.564051,-17.091887,-2.120612):(0.0,0.0)
r_arm2:14:(1.0,-17.0,-1.3):(1.564051,-17.091887,-2.120612):(0.0,0.0)
r_hand:3:(1.3,-1.5,-1.9):(1.702502,-1.263461,-2.775663):(0.0,0.0)
r_hand:0:(-1.2,-1.0,-1.9):(-1.629957,-0.916053,-2.751124):(0.0,0.0)
r_arm2:12:(-1.5,-17.0,0.0):(-2.496373,-17.085054,0.002930):(0.0,0.0)
r_hand:1:(-1.2,-1.0,1.9):(-1.869753,-0.963966,2.576568):(0.0,0.0)
r_arm2:16:(-1.0,-17.0,1.5):(-1.583572,-17.058065,2.309983):(0.0,0.0)
r_hand:2:(1.3,-1.5,1.9):(1.826876,-1.649995,2.703943):(0.0,0.0)
r_arm2:17:(1.0,-17.0,1.5):(1.583572,-17.058065,2.309983):(0.0,0.0)
r_arm2:15:(1.5,-17.0,0.0):(2.496372,-17.085054,0.002930):(0.0,0.0)
l_arm2:1:(1.5,-2.2,-2.0):(2.007889,-2.108231,-2.856521):(0.5,0.0)
l_arm1:18:(-0.7,-17.5,-2.0):(-1.225025,-17.543669,-2.849967):(0.0,0.0)
l_arm1:17:(1.7,-17.5,-2.0):(2.375355,-17.532679,-2.736770):(0.0,0.0)
l_arm2:2:(-1.5,-2.2,-2.0):(-2.007889,-2.108231,-2.856521):(0.5,1.0)
l_arm2:0:(2.5,-0.5,0.0):(3.496609,-0.429744,0.042821):(1.0,0.0)
l_arm1:16:(2.9,-17.5,0.0):(3.899913,-17.513330,0.000000):(0.0,0.0)
l_arm2:4:(1.0,0.5,2.0):(1.459424,0.541766,2.887235):(0.0,0.0)
l_arm1:20:(1.7,-17.5,2.0):(2.375355,-17.532675,2.736769):(0.0,0.0)
l_arm1:21:(-0.7,-17.5,2.0):(-1.225025,-17.543665,2.849967):(0.0,0.0)
l_arm2:5:(-1.0,0.5,2.0):(-1.459424,0.541766,2.887235):(0.0,0.0)
l_arm1:19:(-1.7,-17.5,0.0):(-2.698916,-17.546555,0.000000):(0.0,0.0)
l_arm2:3:(-2.5,-0.5,0.0):(-3.496609,-0.429744,0.042821):(1.0,1.0)
l_hand:3:(-1.3,-1.5,-1.9):(-1.712044,-1.274432,-2.773237):(0.0,0.0)
l_arm2:14:(-1.0,-17.0,-1.3):(-1.564051,-17.091887,-2.120612):(0.0,0.0)
l_arm2:13:(1.0,-17.0,-1.3):(1.564051,-17.091887,-2.120612):(0.0,0.0)
l_hand:0:(1.2,-1.0,-1.9):(1.629957,-0.916053,-2.751124):(0.0,0.0)
l_arm2:12:(1.5,-17.0,0.0):(2.496372,-17.085054,0.002930):(0.0,0.0)
l_hand:1:(1.2,-1.0,1.9):(1.869753,-0.963966,2.576568):(0.0,0.0)
l_arm2:16:(1.0,-17.0,1.5):(1.583572,-17.058065,2.309983):(0.0,0.0)
l_hand:2:(-1.3,-1.5,1.9):(-1.821801,-1.657057,2.705809):(0.0,0.0)
l_arm2:17:(-1.0,-17.0,1.5):(-1.583572,-17.058065,2.309983):(0.0,0.0)
l_arm2:15:(-1.5,-17.0,0.0):(-2.496372,-17.085054,0.002930):(0.0,0.0)
Material:
(32,32,32,255)::
FaceArray:
0,1,2:0
1,3,2:0
4,0,5:0
0,2,5:0
4,5,6:0
4,6,7:0
7,6,8:0
8,6,9:0
8,9,10:0
10,9,11:0
10,11,1:0
1,11,3:0
12,13,14:0
12,14,15:0
12,15,16:0
16,15,17:0
16,17,18:0
18,17,19:0
18,19,20:0
20,19,21:0
21,19,14:0
21,14,13:0
22,23,24:0
22,25,23:0
26,24,27:0
26,22,24:0
28,26,27:0
29,28,27:0
30,28,29:0
31,28,30:0
32,31,30:0
33,31,32:0
23,33,32:0
25,33,23:0
34,35,36:0
37,34,36:0
38,37,36:0
39,37,38:0
40,39,38:0
41,39,40:0
42,41,40:0
43,41,42:0
34,41,43:0
35,34,43:0
</>

<skirta_vp>
waist:rina.skirta
skirt_f:waist:(0.0,-12.0,-3.0):rina.skirta_f
skirt_r:waist:(0.0,-20.0,10.0):rina.skirta_r
DynamicVisual:
waist:16:(-1.3,-8.0,-7.4):(-0.563323,-7.741844,-8.008392):(0.0,0.0)
waist:17:(-1.3,-8.0,-6.9):(-0.270429,-8.000000,-6.850096):(0.0,0.0)
skirt_f:4:(-1.8,-6.0,-5.9):(-0.775393,-6.099504,-5.850096):(0.0,0.0)
skirt_f:3:(-1.8,-6.0,-6.4):(-1.059865,-5.931008,-7.050337):(1.0,1.0)
waist:15:(-5.0,-8.0,-7.4):(-5.272325,-7.646822,-8.235603):(0.0,0.0)
skirt_f:2:(-7.0,-6.0,-6.4):(-7.320064,-5.820746,-7.269674):(0.5,1.0)
waist:19:(-7.5,-8.0,-5.5):(-8.241274,-7.647007,-5.980373):(0.0,0.0)
skirt_f:6:(-10.5,-7.0,-3.5):(-11.278870,-6.804240,-4.005165):(0.0,0.0)
waist:20:(-10.0,-9.0,-0.1):(-10.749182,-8.741274,0.521396):(0.0,0.0)
skirt_f:1:(-13.0,-9.0,1.9):(-13.760115,-8.792435,2.527233):(0.5,0.0)
waist:47:(-9.5,-9.0,-0.1):(-9.470428,-9.016391,0.949766):(0.0,0.0)
skirt_f:0:(-12.5,-9.0,1.9):(-12.470428,-9.000000,2.949901):(1.0,0.0)
waist:44:(-8.6,-17.0,7.8):(-9.461731,-16.749407,8.227772):(0.0,0.0)
waist:43:(-9.7,-9.0,-0.1):(-10.561207,-8.746439,0.327022):(0.0,0.0)
skirt_f:16:(-12.7,-9.0,1.9):(-13.492726,-8.716449,1.456520):(0.0,0.0)
skirt_r:12:(-10.2,-4.0,-0.8):(-10.311850,-4.000038,0.140047):(0.0,0.0)
waist:33:(-9.0,-17.0,8.0):(-9.685069,-16.738224,8.598763):(0.0,0.0)
waist:41:(-8.5,-17.0,7.4):(-9.237472,-17.055397,6.710896):(0.0,0.0)
skirt_r:9:(-10.0,-4.0,-1.1):(-9.870444,-4.829202,-1.699838):(0.0,0.0)
skirt_r:8:(-10.5,-4.0,-0.5):(-10.612051,-4.616927,0.224269):(0.0,0.0)
skirt_r:0:(-2.3,-2.0,0.5):(-1.628064,-1.814122,1.193613):(1.0,0.0)
waist:27:(-1.8,-17.0,9.5):(-1.132652,-16.842745,10.204092):(0.0,0.0)
skirt_r:1:(-2.3,-2.0,-0.2):(-1.270429,-2.000000,-0.249905):(0.5,0.0)
waist:29:(-1.8,-17.0,8.8):(-0.771969,-17.055470,8.750095):(0.0,0.0)
waist:18:(-1.4,-8.0,-7.1):(-1.370430,-7.683772,-7.998779):(0.0,0.0)
waist:24:(1.4,-8.0,-7.1):(1.370430,-7.683772,-7.998779):(0.0,0.0)
skirt_f:5:(-1.9,-6.0,-6.1):(-1.870430,-5.803884,-7.030677):(0.0,0.0)
skirt_f:7:(1.9,-6.0,-6.1):(1.870430,-5.803884,-7.030677):(0.0,0.0)
waist:37:(1.9,-17.0,9.0):(1.870430,-16.772770,9.923938):(0.0,0.0)
waist:30:(-1.9,-17.0,9.0):(-1.870430,-16.772770,9.923938):(0.0,0.0)
skirt_r:3:(2.4,-2.0,-0.0):(2.370430,-1.757465,0.920239):(1.0,1.0)
skirt_r:2:(-2.4,-2.0,-0.0):(-2.370430,-1.757465,0.920239):(0.5,1.0)
waist:46:(-8.0,-17.0,7.5):(-7.528056,-17.332546,6.717004):(0.0,0.0)
waist:48:(8.0,-17.0,7.5):(7.528056,-17.332546,6.717004):(0.0,0.0)
skirt_r:13:(-2.5,-1.9,-0.7):(-2.387224,-2.285921,-1.568865):(0.0,0.0)
skirt_r:14:(2.5,-1.9,-0.7):(2.387224,-2.285921,-1.568865):(0.0,0.0)
skirt_f:22:(-12.0,-8.9,1.7):(-11.155824,-9.352995,2.112156):(0.0,0.0)
waist:14:(-8.5,-8.0,0.0):(-7.997603,-8.828195,-0.250982):(0.0,0.0)
skirt_f:21:(-6.5,-6.0,-5.5):(-6.073930,-6.328650,-4.592904):(0.0,0.0)
waist:9:(-5.0,-8.0,-6.0):(-4.970429,-9.000000,-5.950096):(0.0,0.0)
waist:8:(5.0,-8.0,-6.0):(4.970429,-9.000000,-5.950096):(0.0,0.0)
skirt_f:20:(6.5,-6.0,-5.5):(6.073930,-6.328650,-4.592904):(0.0,0.0)
skirt_f:8:(-13.5,-12.0,1.9):(-13.045155,-12.668269,2.560277):(0.0,0.0)
skirt_f:18:(-13.7,-12.0,1.9):(-14.492726,-11.716449,1.456520):(0.0,0.0)
skirt_f:30:(1.8,-6.0,-5.9):(0.775393,-6.099504,-5.850096):(0.0,0.0)
waist:54:(1.3,-8.0,-6.9):(0.270429,-8.000000,-6.850096):(0.0,0.0)
waist:53:(1.3,-8.0,-7.4):(0.563323,-7.741844,-8.008392):(0.0,0.0)
skirt_f:29:(1.8,-6.0,-6.4):(1.093492,-5.921329,-7.081920):(0.0,0.0)
waist:52:(5.0,-8.0,-7.4):(5.272325,-7.646822,-8.235603):(0.0,0.0)
skirt_f:28:(7.0,-6.0,-6.4):(7.326542,-5.822092,-7.267447):(0.0,0.0)
waist:55:(7.5,-8.0,-5.5):(8.241274,-7.647007,-5.980373):(0.0,0.0)
skirt_f:31:(10.5,-7.0,-3.5):(11.246042,-6.803196,-4.049839):(0.0,0.0)
waist:56:(10.0,-9.0,-0.1):(10.749182,-8.741274,0.521396):(0.0,0.0)
skirt_f:27:(13.0,-9.0,1.9):(13.767585,-8.787326,2.514979):(0.0,0.0)
waist:73:(9.5,-9.0,-0.1):(9.470428,-9.016391,0.949766):(0.0,0.0)
skirt_f:26:(12.5,-9.0,1.9):(12.470428,-9.000000,2.949901):(0.0,0.0)
skirt_f:37:(12.7,-9.0,1.9):(13.515309,-8.708662,1.501238):(0.0,0.0)
waist:70:(9.7,-9.0,-0.1):(10.561207,-8.746439,0.327022):(0.0,0.0)
waist:71:(8.6,-17.0,7.8):(9.461731,-16.749407,8.227772):(0.0,0.0)
skirt_r:23:(10.2,-4.0,-0.8):(10.311850,-4.000038,0.140047):(0.0,0.0)
skirt_r:20:(10.0,-4.0,-1.1):(9.870444,-4.829202,-1.699838):(0.0,0.0)
waist:68:(8.5,-17.0,7.4):(9.237472,-17.055397,6.710896):(0.0,0.0)
waist:64:(9.0,-17.0,8.0):(9.685069,-16.738224,8.598763):(0.0,0.0)
skirt_r:19:(10.5,-4.0,-0.5):(10.612051,-4.616927,0.224269):(0.0,0.0)
skirt_r:16:(2.3,-2.0,0.5):(1.628064,-1.814122,1.193613):(0.0,0.0)
waist:60:(1.8,-17.0,9.5):(1.132652,-16.842745,10.204092):(0.0,0.0)
skirt_r:17:(2.3,-2.0,-0.2):(1.270429,-2.000000,-0.249905):(0.0,0.0)
waist:62:(1.8,-17.0,8.8):(0.771969,-17.055470,8.750095):(0.0,0.0)
waist:51:(8.5,-8.0,0.0):(7.997603,-8.828195,-0.250982):(0.0,0.0)
skirt_f:41:(12.0,-8.9,1.7):(11.155824,-9.352995,2.112156):(0.0,0.0)
skirt_f:39:(13.7,-12.0,1.9):(14.515309,-11.708662,1.501238):(0.0,0.0)
skirt_f:32:(13.5,-12.0,1.9):(13.044524,-12.668524,2.559558):(0.0,0.0)
Material:
(64,100,240,255)::
(240,255,255,255)::
FaceArray:
0,1,2:0
0,2,3:0
4,0,3:0
4,3,5:0
4,5,6:0
6,5,7:0
6,7,8:0
8,7,9:0
10,8,9:0
10,9,11:0
12,13,14:0
12,14,15:0
16,17,18:0
16,18,19:0
16,19,20:0
16,20,21:0
21,20,22:0
23,21,22:0
24,25,26:0
25,27,26:0
28,29,30:0
29,31,30:0
32,33,34:0
33,35,34:0
36,37,32:0
36,38,37:0
38,39,37:0
40,39,41:0
39,38,41:0
32,34,18:0
18,36,32:0
14,43,15:0
15,43,42:0
15,42,18:0
18,42,36:0
44,45,46:0
47,44,46:0
47,46,48:0
49,47,48:0
50,49,48:0
51,49,50:0
52,51,50:0
53,51,52:0
53,52,54:0
55,53,54:0
56,57,58:0
59,56,58:0
60,61,62:0
63,60,62:0
64,63,62:0
65,64,62:0
66,64,65:0
66,65,67:0
33,68,69:0
68,41,69:0
68,40,41:0
60,35,33:0
33,69,60:0
59,70,56:0
71,70,59:0
60,71,59:0
69,71,60:0
</>

<shoesa_vp>
l_leg1:rina.l_sock1
l_leg2:rina.l_sock2
l_foot:rina.l_pump
r_leg1:rina.r_sock1
r_leg2:rina.r_sock2
r_foot:rina.r_pump
DynamicVisual:
r_leg1:15:(-2.5,-35.0,-1.5):(-2.987186,-35.140530,-2.361918):(0.0,0.0)
r_leg1:14:(-0.0,-35.0,-1.5):(0.487187,-35.140530,-2.361917):(0.0,0.0)
r_leg2:2:(1.5,-1.0,-3.0):(1.930170,-1.148411,-3.890466):(0.5,1.0)
r_leg2:3:(-1.0,-1.0,-3.0):(-1.430171,-1.148411,-3.890466):(1.0,1.0)
r_leg1:12:(-4.5,-33.5,1.5):(-5.482428,-33.591042,1.337055):(0.0,0.0)
r_leg2:0:(-3.0,-4.0,0.0):(-3.954600,-4.040752,-0.295099):(1.0,0.0)
r_leg1:16:(-2.5,-31.0,4.5):(-3.095111,-31.044964,5.302385):(0.0,0.0)
r_leg2:10:(-1.0,-6.0,3.5):(-1.674780,-5.931829,4.234865):(0.0,0.0)
r_leg1:17:(-0.0,-31.0,4.5):(0.696728,-31.058783,5.214924):(0.0,0.0)
r_leg2:11:(1.5,-6.0,3.5):(2.174778,-5.931829,4.234865):(0.0,0.0)
r_leg1:13:(2.0,-33.5,1.5):(2.991587,-33.547077,1.379422):(0.0,0.0)
r_leg2:1:(3.5,-4.0,0.0):(4.454597,-4.040752,-0.295099):(0.5,0.0)
r_leg2:17:(-0.5,-35.0,-1.5):(-1.025212,-35.046360,-2.349710):(0.0,0.0)
r_leg2:16:(1.5,-35.0,-1.5):(2.025583,-35.035431,-2.350006):(0.0,0.0)
r_foot:12:(-1.5,-1.0,-4.0):(-1.859516,-0.066972,-3.985582):(0.0,0.0)
r_foot:13:(1.0,-1.0,-4.0):(1.335246,-0.058243,-3.973466):(0.0,0.0)
r_foot:0:(-2.5,-2.0,-2.0):(-3.484403,-1.829501,-2.043414):(1.0,0.0)
r_leg2:14:(-1.5,-35.0,0.5):(-2.491973,-35.062275,0.389909):(0.0,0.0)
r_foot:4:(-2.5,-2.0,1.0):(-3.456945,-1.980691,1.289632):(0.0,0.0)
r_foot:8:(-1.5,-2.0,2.5):(-1.971408,-1.941336,3.379964):(0.0,0.0)
r_leg2:18:(-0.5,-35.0,3.0):(-1.058245,-35.113132,3.821930):(0.0,0.0)
r_leg2:19:(1.5,-35.0,3.0):(2.059644,-35.096844,3.823057):(0.0,0.0)
r_foot:10:(1.0,-2.0,2.5):(1.496059,-1.942242,3.366369):(0.0,0.0)
r_foot:6:(2.0,-2.0,1.0):(2.964741,-1.982492,1.262627):(0.0,0.0)
r_leg2:15:(2.5,-35.0,0.5):(3.493877,-35.039314,0.396722):(0.0,0.0)
r_foot:2:(2.0,-2.0,-2.0):(2.988060,-1.853175,-2.046722):(0.5,1.0)
l_leg2:2:(-1.5,-1.0,-3.0):(-1.930170,-1.148411,-3.890466):(0.5,1.0)
l_leg1:14:(0.0,-35.0,-1.5):(-0.487187,-35.140530,-2.361917):(0.0,0.0)
l_leg1:15:(2.5,-35.0,-1.5):(2.987186,-35.140530,-2.361917):(0.0,0.0)
l_leg2:3:(1.0,-1.0,-3.0):(1.430171,-1.148411,-3.890466):(1.0,1.0)
l_leg1:12:(4.5,-33.5,1.5):(5.482428,-33.591042,1.337055):(0.0,0.0)
l_leg2:0:(3.0,-4.0,0.0):(3.954599,-4.040751,-0.295099):(1.0,0.0)
l_leg1:16:(2.5,-31.0,4.5):(3.095112,-31.044964,5.302385):(0.0,0.0)
l_leg2:10:(1.0,-6.0,3.5):(1.674780,-5.931828,4.234865):(0.0,0.0)
l_leg1:17:(0.0,-31.0,4.5):(-0.696728,-31.058783,5.214924):(0.0,0.0)
l_leg2:11:(-1.5,-6.0,3.5):(-2.174778,-5.931828,4.234865):(0.0,0.0)
l_leg1:13:(-2.0,-33.5,1.5):(-2.991587,-33.547077,1.379422):(0.0,0.0)
l_leg2:1:(-3.5,-4.0,0.0):(-4.454597,-4.040751,-0.295099):(0.5,0.0)
l_foot:12:(1.5,-1.0,-4.0):(1.829232,-0.056265,-3.968835):(0.0,0.0)
l_leg2:16:(-1.5,-35.0,-1.5):(-2.025583,-35.035431,-2.350006):(0.0,0.0)
l_leg2:17:(0.5,-35.0,-1.5):(1.025212,-35.046360,-2.349710):(0.0,0.0)
l_foot:13:(-1.0,-1.0,-4.0):(-1.365424,-0.069210,-3.990180):(0.0,0.0)
l_foot:0:(2.5,-2.0,-2.0):(3.484403,-1.829501,-2.043414):(1.0,0.0)
l_leg2:14:(1.5,-35.0,0.5):(2.491972,-35.062275,0.389909):(0.0,0.0)
l_foot:4:(2.5,-2.0,1.0):(3.457094,-2.000000,1.289785):(0.0,0.0)
l_foot:8:(1.5,-2.0,2.5):(1.972046,-1.962262,3.380768):(0.0,0.0)
l_leg2:18:(0.5,-35.0,3.0):(1.058246,-35.113132,3.821930):(0.0,0.0)
l_leg2:19:(-1.5,-35.0,3.0):(-2.059644,-35.096844,3.823057):(0.0,0.0)
l_foot:10:(-1.0,-2.0,2.5):(-1.496665,-1.961671,3.367098):(0.0,0.0)
l_foot:6:(-2.0,-2.0,1.0):(-2.964868,-2.000000,1.262742):(0.0,0.0)
l_leg2:15:(-2.5,-35.0,0.5):(-3.493877,-35.039314,0.396722):(0.0,0.0)
l_foot:2:(-2.0,-2.0,-2.0):(-2.988060,-1.853175,-2.046722):(0.5,1.0)
Material:
(32,32,32,255)::
FaceArray:
0,1,2:0
0,2,3:0
0,3,4:0
4,3,5:0
4,5,6:0
6,5,7:0
6,7,8:0
8,7,9:0
1,10,2:0
10,11,2:0
10,8,11:0
8,9,11:0
12,13,14:0
13,15,14:0
16,12,14:0
12,16,17:0
17,16,18:0
17,18,19:0
17,19,20:0
20,19,21:0
21,19,22:0
21,22,23:0
21,23,24:0
24,23,25:0
24,25,13:0
13,25,15:0
26,27,28:0
29,26,28:0
30,29,28:0
31,29,30:0
32,31,30:0
33,31,32:0
34,33,32:0
35,33,34:0
26,36,27:0
26,37,36:0
37,34,36:0
37,35,34:0
38,39,40:0
38,41,39:0
38,40,42:0
43,42,40:0
44,42,43:0
45,44,43:0
46,45,43:0
47,45,46:0
48,45,47:0
49,48,47:0
50,49,47:0
51,49,50:0
39,51,50:0
41,51,39:0
</>
