
<frame>
class:human.female
body::(0.0,0.0,0.0):(0.0,0.0,0.0):HPb:(1.1,1.15,1.1)
head:body:(0.0,31.0,1.0):(0.0,0.0,0.0):HPb:
l_breast:body:(4.5,13.0,-5.5):(0.0,0.0,0.0):---:(1.1,1.1,1.1)
r_breast:body:(-4.5,13.0,-5.5):(0.0,0.0,0.0):---:(1.1,1.1,1.1)
l_arm1:body:(9.0,19.0,1.5):(0.0,0.0,0.0):bPh:(1.1,1.15,1.1)
l_arm2:l_arm1:(0.5,-19.0,0.2):(0.0,0.0,0.0):HPB:(1.1,1.15,1.1)
l_hand:l_arm2:(0.0,-18.0,0.2):(0.0,0.0,0.0):Hbp:(1.1,1.1,1.1)
r_arm1:body:(-9.0,19.0,1.5):(0.0,0.0,0.0):bPh:(1.1,1.15,1.1)
r_arm2:r_arm1:(-0.5,-19.0,0.2):(0.0,0.0,0.0):HPB:(1.1,1.15,1.1)
r_hand:r_arm2:(0.0,-18.0,0.2):(0.0,0.0,0.0):Hbp:(1.1,1.1,1.1)
waist:body:(0.0,0.0,0.0):(0.0,0.0,0.0):HPB:(1.1,1.1,1.1)
l_leg1:waist:(3.5,-14.5,0.0):(0.0,0.0,0.0):bPh:(1.1,1.15,1.1)
l_leg2:l_leg1:(1.5,-35.5,1.5):(0.0,0.0,0.0):bPh:(1.1,1.15,1.1)
l_foot:l_leg2:(-0.5,-38.0,0.5):(0.0,0.0,0.0):HPB:(1.1,1.1,1.1)
r_leg1:waist:(-3.5,-14.5,0.0):(0.0,0.0,0.0):bPh:(1.1,1.15,1.1)
r_leg2:r_leg1:(-1.5,-35.5,1.5):(0.0,0.0,0.0):bPh:(1.1,1.15,1.1)
r_foot:r_leg2:(0.5,-38.0,0.5):(0.0,0.0,0.0):HPB:(1.1,1.1,1.1)
</>

<skin>
1,0,0,0,0,0,0:satsuki.head
0,1,0,0,0,0,0:female.body
0,0,1,0,0,0,0:female.arms
0,0,0,2,0,0,0:female.l_hand
0,0,0,1,0,0,0:female.r_hand
0,0,0,0,1,0,0:female.waist
0,0,0,0,0,1,0:female.legs
0,0,0,0,0,0,1:female.foots
</>

<defaultcos>
satsuki.blazer
satsuki.skirtA
satsuki.shoesA
</>

<heads>
satsuki.head:ƒfƒtƒHƒ‹ƒg
satsuki.head_k:‹zŒŒ‹S
</>

<head>
head:satsuki.head
</>

<head_k>
head:satsuki.head_k
</>

<blazer>
class:human.female
0,3,3,0,0,0,0:satsuki.blazer_vp
</>

<skirtA>
class:human.
0,0,0,0,2,0,0:satsuki.skirta_vp
</>

<shoesA>
class:human.
0,0,0,0,0,0,3:satsuki.shoesa_vp
</>

<blazer_vp>
body:satsuki.blazer
l_breast:satsuki.blazer_lb
r_breast:satsuki.blazer_rb
l_arm1:satsuki.l_blazer1
l_arm2:satsuki.l_blazer2
l_hand:satsuki.l_blazer3
r_arm1:satsuki.r_blazer1
r_arm2:satsuki.r_blazer2
r_hand:satsuki.r_blazer3
waist:satsuki.blazer2
DynamicVisual:
body:28:(-5.7,4.0,-6.7):(-6.267632,3.901606,-7.517375):(0.0,0.0)
body:32:(5.7,4.0,-6.7):(6.267632,3.901606,-7.517375):(0.0,0.0)
waist:8:(-5.7,-1.5,-7.5):(-6.275808,-2.052641,-8.022898):(1.0,0.0)
waist:7:(5.7,-1.5,-7.5):(6.275808,-2.052641,-8.022898):(0.0,0.0)
body:31:(-5.5,4.0,5.5):(-6.113653,3.865014,6.277955):(0.0,0.0)
waist:12:(-5.5,-2.0,6.8):(-5.999702,-2.678129,7.260009):(0.5,0.0)
body:114:(5.5,4.0,5.5):(6.113653,3.865014,6.277955):(0.0,0.0)
waist:23:(5.5,-2.0,6.8):(5.999702,-2.678129,7.260009):(0.0,0.0)
body:24:(-8.5,22.7,4.4):(-9.057331,23.486254,4.666796):(0.0,0.0)
body:25:(-8.5,22.7,-0.2):(-9.049099,23.505682,-0.422166):(0.0,0.0)
r_arm1:0:(-3.0,1.5,0.0):(-3.894425,1.947213,0.000000):(1.0,0.0)
r_arm1:2:(-2.0,0.5,-2.5):(-2.582899,0.830458,-3.242312):(0.5,1.0)
body:21:(-9.0,18.5,-2.2):(-9.888769,18.679079,-2.621920):(0.0,0.0)
r_arm1:3:(1.0,-3.0,-3.0):(1.424064,-2.850843,-3.893265):(1.0,1.0)
body:19:(-9.0,14.7,-1.1):(-9.990471,14.604078,-1.198805):(0.0,0.0)
r_arm1:4:(2.2,-5.0,0.0):(3.195297,-4.903131,0.000000):(0.0,0.0)
body:22:(-9.0,14.7,3.3):(-9.843345,14.487548,3.793590):(0.0,0.0)
r_arm1:6:(1.0,-3.0,3.0):(1.424064,-2.850843,3.893265):(0.0,0.0)
body:20:(-9.0,17.5,5.0):(-9.716763,17.426201,5.693399):(0.0,0.0)
r_arm1:5:(-2.0,0.5,2.5):(-2.582897,0.830458,3.242312):(0.0,0.0)
r_arm2:2:(1.5,-3.0,-3.0):(2.014307,-2.914665,-3.853351):(0.5,1.0)
r_arm1:8:(-2.5,-15.0,-3.3):(-3.081050,-15.027598,-4.113400):(0.0,0.0)
r_arm1:9:(1.5,-15.0,-3.3):(2.050215,-14.986485,-4.134913):(0.0,0.0)
r_arm2:1:(-1.5,-3.0,-3.0):(-2.036851,-2.941003,-3.841612):(0.5,0.0)
r_arm2:0:(-3.0,-2.0,0.0):(-3.999643,-2.000000,0.026733):(1.0,0.0)
r_arm1:7:(-3.7,-15.0,0.2):(-4.699923,-15.012498,0.200033):(0.0,0.0)
r_arm2:4:(-1.5,-0.0,2.8):(-2.013702,-0.000000,3.657969):(0.0,0.0)
r_arm1:11:(-2.5,-15.0,3.7):(-3.081277,-14.986926,4.513600):(0.0,0.0)
r_arm2:3:(3.2,-2.5,0.0):(4.199216,-2.473040,0.028958):(1.0,1.0)
r_arm1:10:(3.0,-15.0,0.2):(3.998052,-14.937628,0.199759):(0.0,0.0)
body:27:(-8.5,4.0,0.0):(-9.492059,3.891530,-0.063674):(0.0,0.0)
waist:9:(-9.5,-1.5,0.0):(-10.352637,-1.970510,0.068171):(0.5,0.0)
r_arm1:12:(1.5,-15.0,3.7):(2.049118,-14.944832,4.533922):(0.0,0.0)
r_arm2:5:(1.5,-0.0,2.8):(1.990419,-0.000000,3.671487):(0.0,0.0)
r_arm2:12:(2.5,-17.0,0.0):(3.499321,-17.036842,-0.000257):(0.0,0.0)
r_hand:12:(1.9,-0.3,2.1):(2.452293,-0.834681,2.677348):(0.0,0.0)
r_hand:13:(1.9,-0.3,-2.1):(2.452291,-0.834679,-2.677351):(0.0,0.0)
r_arm2:13:(1.5,-17.0,-2.7):(2.071148,-17.034172,-3.520136):(0.0,0.0)
r_hand:15:(-1.7,-0.3,-2.1):(-2.221698,-0.916267,-2.677350):(0.0,0.0)
r_arm2:14:(-1.5,-17.0,-2.7):(-2.070604,-17.049126,-3.519755):(0.0,0.0)
r_arm2:15:(-2.5,-17.0,0.0):(-3.499750,-17.022364,0.000140):(0.0,0.0)
r_hand:14:(-1.7,-0.3,2.1):(-2.221695,-0.916269,2.677350):(0.0,0.0)
r_arm2:16:(-1.5,-17.0,2.7):(-2.071259,-17.006840,3.520741):(0.0,0.0)
r_arm2:17:(1.5,-17.0,2.7):(2.070427,-17.038351,3.520453):(0.0,0.0)
r_breast:21:(-0.3,3.3,-1.4):(-0.471190,3.942954,-2.172250):(0.0,0.0)
r_breast:19:(-2.3,2.8,-1.1):(-2.712632,3.340148,-1.770143):(0.0,0.0)
body:220:(-4.6,18.0,-5.8):(-4.656003,18.384380,-6.688942):(0.0,0.0)
body:221:(-6.9,17.4,-5.3):(-7.407473,17.817501,-5.992101):(0.0,0.0)
body:222:(-8.5,15.7,-4.5):(-9.477316,15.825149,-4.767928):(0.0,0.0)
r_breast:17:(-3.7,1.3,-0.8):(-4.483250,1.665040,-1.309649):(0.0,0.0)
r_breast:6:(-4.4,-0.5,1.3):(-5.423798,-0.500932,1.156470):(0.0,0.0)
body:219:(-8.6,12.5,-2.8):(-9.563217,12.393143,-2.926340):(0.0,0.0)
body:26:(-8.3,10.5,-2.5):(-9.290666,10.404920,-2.597675):(0.0,0.0)
r_breast:7:(-3.8,-2.7,1.2):(-4.800294,-2.998882,1.067775):(0.0,0.0)
body:223:(-7.7,8.1,-3.5):(-8.598557,7.976032,-3.941765):(0.0,0.0)
r_breast:8:(-3.7,-2.5,-0.8):(-4.506195,-2.890049,-1.248185):(0.0,0.0)
body:58:(-6.0,6.5,-6.5):(-6.551759,6.512052,-7.283001):(0.0,0.0)
r_breast:10:(-1.7,-2.8,-2.8):(-2.193745,-3.263557,-3.631373):(0.0,0.0)
r_breast:11:(-0.6,-3.1,-3.0):(-0.784736,-3.537189,-3.950459):(0.0,0.0)
body:56:(-2.0,6.3,-7.2):(-2.089742,6.228421,-8.193380):(0.0,0.0)
r_breast:16:(0.5,-2.8,-3.2):(0.543468,-3.166560,-4.183997):(0.0,0.0)
r_breast:14:(3.0,-2.5,-3.0):(3.131738,-2.724257,-3.979902):(0.0,0.0)
body:216:(-2.1,17.2,-6.0):(-2.150609,17.524363,-6.917204):(0.0,0.0)
r_breast:25:(1.6,2.8,-1.8):(1.682363,3.336847,-2.579664):(0.0,0.0)
body:224:(2.1,17.2,-6.0):(2.150609,17.524363,-6.917204):(0.0,0.0)
l_breast:25:(-1.6,2.8,-1.8):(-1.682363,3.336847,-2.579664):(0.0,0.0)
r_breast:23:(3.0,1.0,-3.0):(3.020792,1.400507,-3.941777):(0.0,0.0)
l_breast:23:(-3.0,1.0,-3.0):(-3.020792,1.400506,-3.941777):(0.0,0.0)
r_breast:13:(3.5,-0.8,-3.2):(3.631962,-0.775002,-4.187948):(0.0,0.0)
l_breast:13:(-3.5,-0.8,-3.2):(-3.631961,-0.775002,-4.187949):(0.0,0.0)
l_breast:14:(-3.0,-2.5,-3.0):(-3.131738,-2.724257,-3.979902):(0.0,0.0)
body:57:(2.0,6.3,-7.2):(2.089742,6.228421,-8.193380):(0.0,0.0)
l_arm1:0:(3.0,1.5,0.0):(3.894425,1.947214,0.000000):(1.0,0.0)
body:239:(8.5,22.7,-0.2):(9.049099,23.505682,-0.422166):(0.0,0.0)
body:238:(8.5,22.7,4.4):(9.057331,23.486254,4.666796):(0.0,0.0)
l_arm1:2:(2.0,0.5,-2.5):(2.582898,0.830458,-3.242312):(0.5,1.0)
body:235:(9.0,18.5,-2.2):(9.888769,18.679079,-2.621920):(0.0,0.0)
l_arm1:3:(-1.0,-3.0,-3.0):(-1.424064,-2.850843,-3.893265):(1.0,1.0)
body:233:(9.0,14.7,-1.1):(9.990471,14.604078,-1.198805):(0.0,0.0)
l_arm1:4:(-2.2,-5.0,0.0):(-3.195297,-4.903131,0.000000):(0.0,0.0)
body:236:(9.0,14.7,3.3):(9.843345,14.487548,3.793590):(0.0,0.0)
l_arm1:6:(-1.0,-3.0,3.0):(-1.424064,-2.850843,3.893265):(0.0,0.0)
body:234:(9.0,17.5,5.0):(9.716763,17.426201,5.693399):(0.0,0.0)
l_arm1:5:(2.0,0.5,2.5):(2.582898,0.830458,3.242312):(0.0,0.0)
l_arm1:9:(-1.5,-15.0,-3.3):(-2.050215,-14.986485,-4.134913):(0.0,0.0)
l_arm1:8:(2.5,-15.0,-3.3):(3.081050,-15.027598,-4.113400):(0.0,0.0)
l_arm2:2:(-1.5,-3.0,-3.0):(-1.999418,-2.913793,-3.862062):(0.5,1.0)
l_arm2:1:(1.5,-3.0,-3.0):(2.026134,-2.941468,-3.848385):(0.5,0.0)
l_arm2:0:(3.0,-2.0,-0.0):(3.999901,-2.000000,0.014080):(1.0,0.0)
l_arm1:7:(3.7,-15.0,0.2):(4.699923,-15.012498,0.200033):(0.0,0.0)
l_arm2:4:(1.5,-0.0,2.8):(2.013701,-0.000000,3.657969):(0.0,0.0)
l_arm1:11:(2.5,-15.0,3.7):(3.081277,-14.986926,4.513600):(0.0,0.0)
l_arm1:10:(-3.0,-15.0,0.2):(-3.998052,-14.937628,0.199759):(0.0,0.0)
l_arm2:3:(-3.2,-2.5,-0.0):(-4.199510,-2.471023,0.011796):(1.0,1.0)
body:241:(8.5,4.0,0.0):(9.492059,3.891530,-0.063674):(0.0,0.0)
waist:20:(9.5,-1.5,0.0):(10.352637,-1.970510,0.068171):(0.0,0.0)
l_arm2:5:(-1.5,-0.0,2.8):(-1.990419,-0.000000,3.671487):(0.0,0.0)
l_arm1:12:(-1.5,-15.0,3.7):(-2.049118,-14.944832,4.533922):(0.0,0.0)
l_hand:13:(-1.9,-0.3,-2.1):(-2.437351,-0.877352,-2.677351):(0.0,0.0)
l_hand:12:(-1.9,-0.3,2.1):(-2.437352,-0.877352,2.677350):(0.0,0.0)
l_arm2:12:(-2.5,-17.0,-0.0):(-3.498802,-17.039883,0.028335):(0.0,0.0)
l_arm2:13:(-1.5,-17.0,-2.7):(-2.015038,-17.035685,-3.556426):(0.0,0.0)
l_hand:15:(1.7,-0.3,-2.1):(2.237352,-0.877352,-2.677350):(0.0,0.0)
l_arm2:14:(1.5,-17.0,-2.7):(2.035903,-17.046986,-3.542972):(0.0,0.0)
l_arm2:15:(2.5,-17.0,-0.0):(3.499368,-17.023294,0.026902):(0.0,0.0)
l_hand:14:(1.7,-0.3,2.1):(2.237350,-0.877352,2.677351):(0.0,0.0)
l_arm2:16:(1.5,-17.0,2.7):(2.013695,-17.007149,3.557943):(0.0,0.0)
l_arm2:17:(-1.5,-17.0,2.7):(-1.989851,-17.033356,3.571169):(0.0,0.0)
body:379:(4.6,18.0,-5.8):(4.656003,18.384380,-6.688942):(0.0,0.0)
l_breast:19:(2.3,2.8,-1.1):(2.712632,3.340148,-1.770143):(0.0,0.0)
l_breast:21:(0.3,3.3,-1.4):(0.471189,3.942954,-2.172249):(0.0,0.0)
body:380:(6.9,17.4,-5.3):(7.407473,17.817501,-5.992101):(0.0,0.0)
body:381:(8.5,15.7,-4.5):(9.477316,15.825149,-4.767928):(0.0,0.0)
l_breast:17:(3.7,1.3,-0.8):(4.483250,1.665040,-1.309649):(0.0,0.0)
l_breast:6:(4.4,-0.5,1.3):(5.423798,-0.500932,1.156470):(0.0,0.0)
body:378:(8.6,12.5,-2.8):(9.563217,12.393143,-2.926340):(0.0,0.0)
body:240:(8.3,10.5,-2.5):(9.290666,10.404920,-2.597675):(0.0,0.0)
l_breast:7:(3.8,-2.7,1.2):(4.800294,-2.998882,1.067775):(0.0,0.0)
body:382:(7.7,8.1,-3.5):(8.598557,7.976032,-3.941765):(0.0,0.0)
l_breast:8:(3.7,-2.5,-0.8):(4.506195,-2.890050,-1.248185):(0.0,0.0)
body:259:(6.0,6.5,-6.5):(6.551759,6.512052,-7.283001):(0.0,0.0)
l_breast:10:(1.7,-2.8,-2.8):(2.193744,-3.263557,-3.631373):(0.0,0.0)
l_breast:11:(0.6,-3.1,-3.0):(0.784735,-3.537189,-3.950459):(0.0,0.0)
l_breast:16:(-0.5,-2.8,-3.2):(-0.543468,-3.166560,-4.183997):(0.0,0.0)
Material:
(255,255,255,255)::
(255,200,100,255)::
FaceArray:
0,1,2:1
1,3,2:1
6,4,5:1
5,7,6:1
8,9,10:0
11,10,9:0
9,12,11:0
13,11,12:0
12,14,13:0
14,15,13:0
16,15,14:0
16,17,15:0
18,17,16:0
18,19,17:0
18,8,19:0
8,10,19:0
20,21,22:0
20,23,21:0
23,24,21:0
24,25,21:0
24,26,25:0
26,27,25:0
28,22,29:0
20,22,28:0
2,30,0:1
2,31,30:1
31,5,30:1
5,4,30:1
28,32,33:0
29,32,28:0
33,27,26:0
32,27,33:0
34,35,36:0
36,37,34:0
36,38,37:0
38,39,37:0
40,39,38:0
38,41,40:0
41,42,40:0
41,35,42:0
35,43,42:0
35,34,43:0
44,45,46:1
45,47,46:1
45,48,47:1
45,49,48:1
49,50,48:1
50,51,48:1
50,52,51:1
50,53,52:1
53,54,52:1
53,55,54:1
55,56,54:1
55,57,56:1
57,58,56:1
58,59,56:1
58,60,59:1
60,61,59:1
46,62,44:1
44,62,63:1
62,64,63:1
63,64,65:1
63,65,66:1
66,65,67:1
66,67,68:1
68,67,69:1
68,69,61:1
61,69,70:1
61,70,59:1
59,70,71:1
72,73,74:0
73,72,75:0
75,76,73:0
76,75,77:0
77,78,76:0
77,79,78:0
78,79,80:0
79,81,80:0
80,81,82:0
81,83,82:0
83,74,82:0
83,72,74:0
84,85,86:0
85,87,86:0
85,88,87:0
85,89,88:0
89,90,88:0
89,91,90:0
92,84,93:0
93,84,86:0
1,94,3:1
94,95,3:1
94,7,95:1
94,6,7:1
96,97,93:0
93,97,92:0
90,91,96:0
96,91,97:0
98,99,100:0
100,101,98:0
101,102,98:0
101,103,102:0
102,103,104:0
104,105,102:0
104,106,105:0
106,99,105:0
106,107,99:0
107,100,99:0
108,109,110:1
108,111,109:1
111,112,109:1
112,113,109:1
112,114,113:1
112,115,114:1
115,116,114:1
116,117,114:1
116,118,117:1
118,119,117:1
118,120,119:1
120,121,119:1
120,122,121:1
120,71,122:1
71,123,122:1
71,70,123:1
110,64,108:1
65,64,110:1
</>

<skirta_vp>
waist:satsuki.skirta
skirt_f:waist:(0.0,-12.0,-3.0):satsuki.skirta_f
skirt_r:waist:(0.0,-20.0,10.0):satsuki.skirta_r
DynamicVisual:
waist:16:(-1.3,-8.0,-7.4):(-0.563323,-7.689988,-7.985620):(0.0,0.0)
waist:17:(-1.3,-8.0,-6.9):(-0.270429,-8.000000,-6.850096):(0.0,0.0)
skirt_f:4:(-1.7,-8.0,-5.2):(-0.672224,-8.059893,-5.150096):(0.0,0.0)
skirt_f:1:(-1.7,-8.0,-5.9):(-0.963534,-8.007050,-6.557382):(0.5,0.0)
waist:15:(-4.2,-8.0,-7.4):(-4.854420,-7.614487,-7.969399):(0.0,0.0)
skirt_f:0:(-5.5,-8.0,-5.9):(-6.171386,-7.887680,-6.554403):(1.0,0.0)
skirt_f:20:(-5.5,-8.0,-5.2):(-6.464434,-7.890660,-5.150096):(0.0,0.0)
waist:25:(-4.2,-8.0,-6.9):(-5.163075,-7.878946,-6.850096):(0.0,0.0)
waist:19:(-6.8,-8.0,-6.1):(-7.523647,-7.596433,-6.569516):(0.0,0.0)
waist:20:(-4.1,-8.0,-7.1):(-4.238231,-7.650532,-7.971895):(0.0,0.0)
skirt_f:9:(-5.4,-8.0,-5.4):(-5.677232,-7.918836,-6.298402):(0.0,0.0)
skirt_f:8:(-8.8,-8.0,-4.3):(-9.567197,-7.846671,-4.834610):(0.0,0.0)
waist:26:(-6.8,-8.0,-5.6):(-7.709552,-7.656419,-5.550097):(0.0,0.0)
skirt_f:22:(-8.8,-8.0,-3.6):(-9.756288,-7.832404,-3.550097):(0.0,0.0)
waist:21:(-8.5,-8.0,-3.2):(-9.376515,-7.578115,-3.118204):(0.0,0.0)
waist:22:(-6.7,-8.0,-5.8):(-7.428589,-7.613097,-6.274977):(0.0,0.0)
skirt_f:13:(-8.7,-8.0,-3.8):(-9.439371,-7.844475,-4.370212):(0.0,0.0)
skirt_f:12:(-11.2,-8.0,-0.7):(-12.057737,-7.855137,-0.212257):(0.0,0.0)
waist:27:(-8.0,-8.0,-3.2):(-7.970426,-8.121055,-2.157453):(0.0,0.0)
skirt_f:25:(-10.5,-8.0,-0.7):(-10.470430,-8.029986,0.349451):(0.0,0.0)
waist:57:(-10.7,-11.0,-0.1):(-11.508279,-10.804502,0.459593):(0.0,0.0)
waist:24:(-8.2,-8.0,-3.3):(-8.999507,-7.691549,-3.716453):(0.0,0.0)
skirt_f:17:(-10.7,-8.0,-0.8):(-11.516586,-7.799037,-1.243690):(0.0,0.0)
skirt_f:16:(-12.8,-8.0,2.8):(-13.611221,-7.800312,3.353093):(0.0,0.0)
waist:58:(-10.2,-11.0,-0.1):(-10.170426,-11.000000,0.949901):(0.0,0.0)
skirt_f:26:(-12.0,-8.0,2.8):(-11.970432,-8.000000,3.849900):(0.0,0.0)
waist:65:(-8.1,-17.0,7.8):(-8.954022,-16.788589,8.267714):(0.0,0.0)
waist:64:(-10.4,-11.0,-0.1):(-11.253977,-10.791220,0.369126):(0.0,0.0)
skirt_f:33:(-12.2,-8.0,2.7):(-13.048760,-7.811158,2.310733):(0.0,0.0)
skirt_r:20:(-10.0,-10.0,-0.8):(-10.212970,-10.000000,0.120241):(0.0,0.0)
skirt_f:32:(-14.4,-18.0,2.8):(-15.248761,-17.811157,2.410733):(0.0,0.0)
waist:47:(-8.5,-17.0,8.0):(-9.375868,-16.815502,8.332384):(0.0,0.0)
waist:61:(-8.0,-17.0,7.4):(-8.734976,-17.097692,6.712975):(0.0,0.0)
skirt_r:7:(-9.8,-10.0,-1.0):(-9.456051,-10.819041,-1.529835):(0.0,0.0)
skirt_r:4:(-10.5,-10.0,-0.7):(-10.629716,-10.602569,0.032110):(0.0,0.0)
waist:48:(-5.2,-17.0,9.0):(-5.416864,-16.761969,9.889569):(0.0,0.0)
skirt_r:16:(-5.8,-4.0,-0.0):(-6.069754,-3.875900,0.896144):(0.0,0.0)
waist:39:(-5.3,-17.0,9.5):(-5.962004,-16.742968,10.125122):(0.0,0.0)
waist:50:(-5.3,-17.0,8.8):(-6.263043,-16.878681,8.750095):(0.0,0.0)
skirt_r:15:(-5.9,-4.0,-0.2):(-6.862427,-3.873746,-0.249901):(0.0,0.0)
skirt_r:14:(-5.9,-4.0,0.5):(-6.567903,-3.847575,1.150314):(0.0,0.0)
waist:40:(-1.8,-17.0,9.5):(-1.059512,-16.863203,10.139939):(0.0,0.0)
skirt_r:13:(-2.0,-4.0,0.5):(-1.262625,-3.974430,1.156047):(0.0,0.0)
waist:42:(-1.8,-17.0,8.8):(-0.771969,-17.055470,8.750095):(0.0,0.0)
skirt_r:12:(-2.0,-4.0,-0.2):(-0.971914,-4.054464,-0.249903):(0.0,0.0)
waist:67:(-5.0,-17.0,7.5):(-4.494033,-17.190733,6.691608):(0.0,0.0)
waist:68:(5.0,-17.0,7.5):(4.494033,-17.190733,6.691608):(0.0,0.0)
skirt_r:17:(-5.5,-4.0,-0.7):(-5.335383,-4.203328,-1.719653):(0.0,0.0)
skirt_r:18:(5.5,-4.0,-0.7):(5.335383,-4.203328,-1.719653):(0.0,0.0)
skirt_f:35:(-11.5,-8.0,2.8):(-10.660851,-8.294968,3.357418):(0.0,0.0)
waist:14:(-8.5,-8.0,0.0):(-7.910316,-8.747819,-0.306528):(0.0,0.0)
skirt_f:27:(-14.2,-18.0,2.8):(-13.730201,-18.606850,3.511662):(0.0,0.0)
skirt_f:34:(-5.5,-8.0,-4.7):(-5.166260,-8.177332,-3.714130):(0.0,0.0)
waist:9:(-5.0,-8.0,-6.0):(-4.970429,-9.000000,-5.950096):(0.0,0.0)
waist:8:(5.0,-8.0,-6.0):(4.970429,-9.000000,-5.950096):(0.0,0.0)
skirt_f:36:(5.5,-8.0,-4.7):(5.166260,-8.177332,-3.714130):(0.0,0.0)
waist:55:(1.9,-17.0,9.0):(1.870430,-16.772770,9.923938):(0.0,0.0)
waist:43:(-1.9,-17.0,9.0):(-1.870430,-16.772770,9.923938):(0.0,0.0)
skirt_r:11:(-2.1,-4.0,-0.0):(-2.070430,-3.909464,0.945991):(0.0,0.0)
skirt_r:10:(2.1,-4.0,-0.0):(2.070430,-3.909464,0.945991):(0.0,0.0)
waist:18:(-1.4,-8.0,-7.1):(-1.370430,-7.616985,-7.973838):(0.0,0.0)
waist:35:(1.4,-8.0,-7.1):(1.370430,-7.616985,-7.973838):(0.0,0.0)
skirt_f:29:(1.8,-8.0,-5.4):(1.770430,-7.950062,-6.348849):(0.0,0.0)
skirt_f:6:(-1.8,-8.0,-5.4):(-1.770430,-7.950062,-6.348849):(0.0,0.0)
skirt_f:41:(1.7,-8.0,-5.2):(0.672224,-8.059893,-5.150096):(0.0,0.0)
waist:74:(1.3,-8.0,-6.9):(0.270429,-8.000000,-6.850096):(0.0,0.0)
waist:73:(1.3,-8.0,-7.4):(0.563323,-7.689988,-7.985620):(0.0,0.0)
skirt_f:38:(1.7,-8.0,-5.9):(0.963534,-8.007050,-6.557382):(0.0,0.0)
waist:72:(4.2,-8.0,-7.4):(4.854420,-7.614487,-7.969399):(0.0,0.0)
skirt_f:37:(5.5,-8.0,-5.9):(6.171386,-7.887680,-6.554403):(0.0,0.0)
waist:81:(4.2,-8.0,-6.9):(5.163075,-7.878946,-6.850096):(0.0,0.0)
skirt_f:54:(5.5,-8.0,-5.2):(6.464434,-7.890660,-5.150096):(0.0,0.0)
skirt_f:43:(5.4,-8.0,-5.4):(5.656872,-7.920750,-6.304911):(0.0,0.0)
waist:76:(4.1,-8.0,-7.1):(4.238231,-7.650532,-7.971895):(0.0,0.0)
waist:75:(6.8,-8.0,-6.1):(7.523647,-7.596433,-6.569516):(0.0,0.0)
skirt_f:42:(8.8,-8.0,-4.3):(9.560795,-7.846658,-4.843234):(0.0,0.0)
waist:82:(6.8,-8.0,-5.6):(7.709552,-7.656419,-5.550097):(0.0,0.0)
skirt_f:56:(8.8,-8.0,-3.6):(9.756288,-7.832404,-3.550097):(0.0,0.0)
skirt_f:47:(8.7,-8.0,-3.8):(9.391749,-7.850326,-4.426333):(0.0,0.0)
waist:78:(6.7,-8.0,-5.8):(7.428589,-7.613097,-6.274977):(0.0,0.0)
waist:77:(8.5,-8.0,-3.2):(9.376515,-7.578115,-3.118204):(0.0,0.0)
skirt_f:46:(11.2,-8.0,-0.7):(12.072676,-7.850292,-0.245692):(0.0,0.0)
waist:83:(8.0,-8.0,-3.2):(7.970426,-8.121055,-2.157453):(0.0,0.0)
skirt_f:59:(10.5,-8.0,-0.7):(10.470430,-8.029986,0.349451):(0.0,0.0)
skirt_f:51:(10.7,-8.0,-0.8):(11.532464,-7.796426,-1.214268):(0.0,0.0)
waist:80:(8.2,-8.0,-3.3):(8.999507,-7.691549,-3.716453):(0.0,0.0)
waist:104:(10.7,-11.0,-0.1):(11.508279,-10.804502,0.459593):(0.0,0.0)
skirt_f:50:(12.8,-8.0,2.8):(13.603150,-7.803350,3.367504):(0.0,0.0)
waist:105:(10.2,-11.0,-0.1):(10.170426,-11.000000,0.949901):(0.0,0.0)
skirt_f:60:(12.0,-8.0,2.8):(11.970432,-8.000000,3.849900):(0.0,0.0)
skirt_f:64:(12.2,-8.0,2.7):(13.048760,-7.811158,2.310733):(0.0,0.0)
waist:111:(10.4,-11.0,-0.1):(11.253977,-10.791220,0.369126):(0.0,0.0)
waist:112:(8.1,-17.0,7.8):(8.954022,-16.788589,8.267714):(0.0,0.0)
skirt_r:34:(10.0,-10.0,-0.8):(10.212970,-10.000000,0.120241):(0.0,0.0)
skirt_f:63:(14.4,-18.0,2.8):(15.248761,-17.811157,2.410733):(0.0,0.0)
skirt_r:27:(9.8,-10.0,-1.0):(9.450194,-10.821115,-1.522362):(0.0,0.0)
waist:108:(8.0,-17.0,7.4):(8.734976,-17.097692,6.712975):(0.0,0.0)
waist:98:(8.5,-17.0,8.0):(9.375868,-16.815502,8.332384):(0.0,0.0)
skirt_r:24:(10.5,-10.0,-0.7):(10.624342,-10.596728,0.037645):(0.0,0.0)
skirt_r:32:(5.8,-4.0,-0.0):(6.069754,-3.875900,0.896144):(0.0,0.0)
waist:99:(5.2,-17.0,9.0):(5.416864,-16.761969,9.889569):(0.0,0.0)
skirt_r:31:(5.9,-4.0,-0.2):(6.862427,-3.873746,-0.249901):(0.0,0.0)
waist:101:(5.3,-17.0,8.8):(6.263043,-16.878681,8.750095):(0.0,0.0)
waist:92:(5.3,-17.0,9.5):(5.962004,-16.742968,10.125122):(0.0,0.0)
skirt_r:30:(5.9,-4.0,0.5):(6.567903,-3.847575,1.150314):(0.0,0.0)
skirt_r:29:(2.0,-4.0,0.5):(1.262625,-3.974430,1.156047):(0.0,0.0)
waist:93:(1.8,-17.0,9.5):(1.059512,-16.863203,10.139939):(0.0,0.0)
skirt_r:28:(2.0,-4.0,-0.2):(0.971914,-4.054464,-0.249903):(0.0,0.0)
waist:95:(1.8,-17.0,8.8):(0.771969,-17.055470,8.750095):(0.0,0.0)
waist:71:(8.5,-8.0,0.0):(7.910316,-8.747819,-0.306528):(0.0,0.0)
skirt_f:65:(11.5,-8.0,2.8):(10.660851,-8.294968,3.357418):(0.0,0.0)
skirt_f:61:(14.2,-18.0,2.8):(13.730201,-18.606850,3.511662):(0.0,0.0)
Material:
(0,64,127,255)::
FaceArray:
0,1,2:0
2,3,0:0
4,0,3:0
4,3,5:0
4,6,7:0
4,5,6:0
8,9,10:0
8,10,11:0
12,8,11:0
12,11,13:0
14,15,16:0
14,16,17:0
18,14,17:0
18,17,19:0
20,21,22:0
20,22,23:0
24,20,23:0
24,23,25:0
26,27,28:0
28,29,26:0
28,30,29:0
31,32,33:0
31,33,34:0
35,31,36:0
31,34,36:0
37,38,39:0
37,39,40:0
41,37,42:0
37,40,42:0
43,41,44:0
41,42,44:0
45,46,47:0
46,48,47:0
49,50,45:0
45,47,33:0
45,33,49:0
49,33,51:0
33,30,51:0
30,33,29:0
49,52,50:0
53,50,52:0
54,53,52:0
52,55,54:0
56,57,58:0
56,58,59:0
60,61,62:0
60,62,63:0
64,65,66:0
66,67,64:0
67,66,68:0
69,67,68:0
70,71,68:0
71,69,68:0
72,73,74:0
75,72,74:0
75,74,76:0
77,75,76:0
78,79,80:0
81,78,80:0
81,80,82:0
83,81,82:0
84,85,86:0
87,84,86:0
87,86,88:0
89,87,88:0
90,91,92:0
92,93,90:0
93,94,90:0
95,96,97:0
98,95,97:0
99,97,100:0
99,98,97:0
101,102,103:0
104,101,103:0
105,103,106:0
105,104,103:0
107,106,108:0
107,105,106:0
46,109,110:0
95,48,46:0
110,95,46:0
111,95,110:0
111,94,95:0
93,95,94:0
109,55,110:0
55,109,54:0
</>

<shoesa_vp>
l_leg2:satsuki.l_shoea2
l_foot:satsuki.l_shoea
r_leg2:satsuki.r_shoea2
r_foot:satsuki.r_shoea
DynamicVisual:
l_leg2:8:(-1.8,-35.0,-2.0):(-2.332410,-35.037586,-2.845653):(0.0,0.0)
l_leg2:9:(0.9,-35.0,-2.0):(1.446122,-35.043251,-2.836591):(0.0,0.0)
l_foot:31:(-1.3,-1.0,-3.7):(-1.389569,-0.326229,-2.966512):(0.0,0.0)
l_foot:30:(1.8,-1.0,-3.7):(1.889570,-0.326229,-2.966512):(0.0,0.0)
l_leg2:6:(2.0,-35.0,0.5):(2.997479,-35.050335,0.449912):(0.0,0.0)
l_foot:34:(2.4,-2.0,-3.0):(2.465297,-1.178201,-2.433970):(0.0,0.0)
l_foot:35:(2.7,-2.0,1.0):(2.700002,-0.999997,1.000001):(0.0,0.0)
l_leg2:10:(0.8,-35.0,3.6):(1.363891,-35.085545,4.421408):(0.0,0.0)
l_foot:36:(1.5,-2.0,2.7):(1.500002,-0.999997,2.700001):(0.0,0.0)
l_leg2:11:(-1.8,-35.0,3.6):(-2.364698,-35.073071,4.422056):(0.0,0.0)
l_foot:37:(-1.0,-2.0,2.7):(-1.000002,-0.999997,2.700001):(0.0,0.0)
l_foot:33:(-2.2,-2.0,1.0):(-2.200002,-0.999997,1.000001):(0.0,0.0)
l_leg2:7:(-3.0,-35.0,0.5):(-3.997796,-35.031437,0.441537):(0.0,0.0)
l_foot:32:(-1.9,-2.0,-3.0):(-1.965297,-1.178201,-2.433970):(0.0,0.0)
r_foot:31:(1.3,-1.0,-3.7):(1.389569,-0.326229,-2.966512):(0.0,0.0)
r_leg2:9:(-0.9,-35.0,-2.0):(-1.446122,-35.043251,-2.836591):(0.0,0.0)
r_leg2:8:(1.8,-35.0,-2.0):(2.332411,-35.037586,-2.845653):(0.0,0.0)
r_foot:30:(-1.8,-1.0,-3.7):(-1.889570,-0.326229,-2.966512):(0.0,0.0)
r_leg2:6:(-2.0,-35.0,0.5):(-2.997478,-35.050335,0.449912):(0.0,0.0)
r_foot:34:(-2.4,-2.0,-3.0):(-2.465297,-1.178201,-2.433970):(0.0,0.0)
r_foot:35:(-2.7,-2.0,1.0):(-2.700002,-0.999997,1.000001):(0.0,0.0)
r_leg2:10:(-0.8,-35.0,3.6):(-1.363891,-35.085545,4.421408):(0.0,0.0)
r_foot:36:(-1.5,-2.0,2.7):(-1.500002,-0.999997,2.700001):(0.0,0.0)
r_leg2:11:(1.8,-35.0,3.6):(2.364699,-35.073071,4.422056):(0.0,0.0)
r_foot:37:(1.0,-2.0,2.7):(1.000002,-0.999997,2.700001):(0.0,0.0)
r_foot:33:(2.2,-2.0,1.0):(2.200002,-0.999997,1.000001):(0.0,0.0)
r_leg2:7:(3.0,-35.0,0.5):(3.997796,-35.031437,0.441537):(0.0,0.0)
r_foot:32:(1.9,-2.0,-3.0):(1.965296,-1.178201,-2.433970):(0.0,0.0)
Material:
(240,255,255,255)::
FaceArray:
0,1,2:0
2,1,3:0
1,4,3:0
3,4,5:0
4,6,5:0
4,7,6:0
7,8,6:0
7,9,8:0
9,10,8:0
9,11,10:0
9,12,11:0
12,13,11:0
12,2,13:0
2,12,0:0
14,15,16:0
17,15,14:0
17,18,15:0
19,18,17:0
19,20,18:0
20,21,18:0
20,22,21:0
22,23,21:0
22,24,23:0
24,25,23:0
25,26,23:0
25,27,26:0
27,14,26:0
16,26,14:0
</>

