<frame>
class:human.female
body::(0.0,0.0,0.0):(0.0,0.0,0.0):HPb:(1.1,1.15,1.1)
head:body:(0.0,31.0,1.0):(0.0,0.0,0.0):HPb:
l_breast:body:(4.5,13.0,-5.5):(0.0,0.0,0.0):---:(1.1,1.1,1.1)
r_breast:body:(-4.5,13.0,-5.5):(0.0,0.0,0.0):---:(1.1,1.1,1.1)
l_arm1:body:(9.0,19.0,1.5):(0.0,0.0,0.0):bPh:(1.1,1.15,1.1)
l_arm2:l_arm1:(0.5,-19.0,0.2):(0.0,0.0,0.0):HPB:(1.1,1.15,1.1)
l_hand:l_arm2:(0.0,-18.0,0.2):(0.0,0.0,0.0):Hbp:(1.1,1.1,1.1)
r_arm1:body:(-9.0,19.0,1.5):(0.0,0.0,0.0):bPh:(1.1,1.15,1.1)
r_arm2:r_arm1:(-0.5,-19.0,0.2):(0.0,0.0,0.0):HPB:(1.1,1.15,1.1)
r_hand:r_arm2:(0.0,-18.0,0.2):(0.0,0.0,0.0):Hbp:(1.1,1.1,1.1)
waist:body:(0.0,0.0,0.0):(0.0,0.0,0.0):HPB:(1.1,1.1,1.1)
l_leg1:waist:(3.5,-14.5,0.0):(0.0,0.0,0.0):bPh:(1.1,1.15,1.1)
l_leg2:l_leg1:(1.5,-35.5,1.5):(0.0,0.0,0.0):bPh:(1.1,1.15,1.1)
l_foot:l_leg2:(-0.5,-38.0,0.5):(0.0,0.0,0.0):HPB:(1.1,1.1,1.1)
r_leg1:waist:(-3.5,-14.5,0.0):(0.0,0.0,0.0):bPh:(1.1,1.15,1.1)
r_leg2:r_leg1:(-1.5,-35.5,1.5):(0.0,0.0,0.0):bPh:(1.1,1.15,1.1)
r_foot:r_leg2:(0.5,-38.0,0.5):(0.0,0.0,0.0):HPB:(1.1,1.1,1.1)
</>

<skin>
1,0,0,0,0,0,0:satsuki.head
0,1,0,0,0,0,0:female.body
0,0,1,0,0,0,0:female.arms
0,0,0,2,0,0,0:female.l_hand
0,0,0,1,0,0,0:female.r_hand
0,0,0,0,1,0,0:female.waist
0,0,0,0,0,1,0:female.legs
0,0,0,0,0,0,1:female.foots
</skin>