<frame>
class:human.female
body::(0.0,0.0,0.0):(0.0,0.0,0.0):HPb:(1.1,1.07,1.1)
head:body:(0.0,31.0,1.0):(0.0,0.0,0.0):HPb:
l_breast:body:(4.5,13.0,-5.5):(0.0,0.0,0.0):---:(1.0,1.0,0.7)
r_breast:body:(-4.5,13.0,-5.5):(0.0,0.0,0.0):---:(1.0,1.0,0.7)
l_arm1:body:(9.0,19.0,1.5):(0.0,0.0,0.0):bPh:(1.1,1.07,1.1)
l_arm2:l_arm1:(0.5,-19.0,0.2):(0.0,0.0,0.0):HPB:(1.1,1.07,1.1)
l_hand:l_arm2:(0.0,-18.0,0.2):(0.0,0.0,0.0):Hbp:(1.1,1.1,1.1)
r_arm1:body:(-9.0,19.0,1.5):(0.0,0.0,0.0):bPh:(1.1,1.07,1.1)
r_arm2:r_arm1:(-0.5,-19.0,0.2):(0.0,0.0,0.0):HPB:(1.1,1.07,1.1)
r_hand:r_arm2:(0.0,-18.0,0.2):(0.0,0.0,0.0):Hbp:(1.1,1.1,1.1)
waist:body:(0.0,0.0,0.0):(0.0,0.0,0.0):HPB:(1.1,1.07,1.1)
l_leg1:waist:(3.5,-14.5,0.0):(0.0,0.0,0.0):bPh:(1.1,1.08,1.1)
l_leg2:l_leg1:(1.5,-35.5,1.5):(0.0,0.0,0.0):bPh:(1.1,1.08,1.1)
l_foot:l_leg2:(-0.5,-38.0,0.5):(0.0,0.0,0.0):HPB:(1.1,1.1,1.1)
r_leg1:waist:(-3.5,-14.5,0.0):(0.0,0.0,0.0):bPh:(1.1,1.08,1.1)
r_leg2:r_leg1:(-1.5,-35.5,1.5):(0.0,0.0,0.0):bPh:(1.1,1.08,1.1)
r_foot:r_leg2:(0.5,-38.0,0.5):(0.0,0.0,0.0):HPB:(1.1,1.1,1.1)
</>

<skin>
1,0,0,0,0,0,0:seo.head
0,1,0,0,0,0,0:female.body
0,0,1,0,0,0,0:female.arms
0,0,0,2,0,0,0:female.l_hand
0,0,0,1,0,0,0:female.r_hand
0,0,0,0,1,0,0:female.waist
0,0,0,0,0,1,0:female.legs
0,0,0,0,0,0,1:female.foots
</>

<defaultcos>
seo.sailor
seo.skirta
seo.shoesa
</>

<head>
body:seo.neck
head:seo.head
DynamicVisual:
head:41:(-4.5,3.0,11.0):(-4.796408,2.627432,11.879395):(0.3,0.2)
head:52:(-8.2,3.5,7.5):(-9.021896,3.036438,7.831056):(0.1,0.4)
body:4:(-2.0,27.0,5.0):(-2.596285,26.701859,5.745355):(0.0,0.0)
body:0:(0.0,28.0,7.0):(0.000000,27.555998,7.896025):(1.0,0.0)
head:40:(-4.0,-1.0,4.0):(-4.360541,-1.887218,4.287843):(0.5,0.3)
body:3:(2.0,27.0,5.0):(2.596285,26.701859,5.745355):(1.0,1.0)
head:56:(4.0,-1.0,4.0):(4.360541,-1.887218,4.287843):(0.1,0.3)
head:57:(4.5,3.0,11.0):(4.796408,2.627432,11.879395):(0.2,0.2)
head:168:(8.2,3.5,7.5):(9.021896,3.036438,7.831056):(0.0,0.0)
Material:
(100,90,115,255)::
FaceArray:
0,1,2:0
3,0,2:0
2,1,4:0
2,4,5:0
4,6,5:0
3,7,0:0
5,8,7:0
5,7,3:0
6,8,5:0
</>

<sailor>
class:human.female
0,3,3,0,0,0,0:seo.sailor_vp
</>

<skirta>
class:human.
0,0,0,0,2,0,0:seo.skirta_vp
</>

<shoesa>
class:human.
0,0,0,0,0,0,3:seo.shoesa_vp
</>

<sailor_vp>
body:seo.sailor
l_breast:seo.sailor_lb
r_breast:seo.sailor_rb
l_arm1:seo.l_sailor1
l_arm2:seo.l_sailor2
r_arm1:seo.r_sailor1
r_arm2:seo.r_sailor2
DynamicVisual:
body:14:(-4.5,4.0,-5.0):(-4.963130,4.000000,-5.820295):(0.0,0.0)
body:3:(4.5,4.0,-5.0):(4.963130,4.000000,-5.820295):(1.0,1.0)
waist:4:(-4.5,-3.0,-5.0):(-5.039868,-2.747690,-5.732451):(0.0,0.0)
waist:1:(4.5,-3.0,-5.0):(5.039868,-2.747690,-5.732451):(0.5,0.0)
body:0:(4.5,4.0,4.5):(4.942286,4.000000,5.431579):(1.0,0.0)
waist:0:(4.5,-3.0,4.5):(4.695519,-2.694681,5.475169):(1.0,0.0)
body:11:(-4.5,4.0,4.5):(-4.942286,4.000000,5.431579):(0.0,0.0)
waist:3:(-4.5,-3.0,4.5):(-4.695519,-2.694681,5.475169):(1.0,1.0)
body:70:(-8.5,22.5,4.5):(-8.993024,23.283651,4.885745):(0.0,0.0)
body:69:(-8.5,22.5,0.0):(-8.913983,23.372522,-0.154964):(0.0,0.0)
r_arm1:0:(-2.5,1.5,0.0):(-3.332050,2.054700,0.000000):(1.0,0.0)
r_arm1:7:(-2.0,0.0,-2.5):(-2.679952,0.310058,-3.164477):(0.0,0.0)
body:67:(-9.0,18.5,-2.0):(-9.762764,18.677399,-2.533812):(0.0,0.0)
r_arm1:2:(1.0,-3.0,-3.5):(1.394196,-2.887390,-4.412100):(0.5,1.0)
body:61:(-8.5,14.0,-1.0):(-9.470297,13.984373,-0.948527):(0.0,0.0)
r_arm1:9:(2.0,-4.5,0.0):(2.999938,-4.488889,0.000000):(0.0,0.0)
body:66:(-8.5,14.0,3.5):(-9.283968,13.858848,4.114010):(0.0,0.0)
r_arm1:12:(1.0,-3.0,3.5):(1.394196,-2.887390,4.412100):(0.0,0.0)
body:68:(-9.0,17.5,4.5):(-9.673111,17.388407,5.252596):(0.0,0.0)
r_arm1:15:(-2.0,0.0,2.5):(-2.679952,0.310058,3.164477):(0.0,0.0)
r_arm1:4:(1.1,-16.0,-3.0):(1.853872,-16.006960,-3.656984):(0.0,0.0)
r_arm1:10:(2.3,-16.0,0.0):(3.299660,-15.973922,0.000000):(0.0,0.0)
r_arm2:14:(3.3,-0.5,-0.0):(4.289214,-0.470842,0.143540):(0.0,0.0)
r_arm2:1:(1.8,-2.0,-2.8):(2.471689,-2.000000,-3.540834):(0.5,0.0)
r_arm1:3:(-2.1,-16.0,-3.0):(-2.764740,-16.027037,-3.746584):(1.0,1.0)
r_arm2:0:(-1.8,-2.0,-2.8):(-2.471689,-2.000000,-3.540834):(1.0,0.0)
r_arm2:5:(-3.3,-0.5,-0.0):(-4.289214,-0.470842,0.143540):(0.0,0.0)
r_arm1:6:(-3.7,-16.0,0.0):(-4.699734,-16.023071,0.000000):(0.0,0.0)
r_arm2:6:(-1.8,0.5,2.5):(-2.303157,0.545742,3.362983):(0.0,0.0)
r_arm1:13:(-2.1,-16.0,3.0):(-2.764740,-16.027037,3.746584):(0.0,0.0)
r_arm1:14:(1.1,-16.0,3.0):(1.853872,-16.006960,3.656984):(0.0,0.0)
r_arm2:10:(1.8,0.5,2.5):(2.303157,0.545742,3.362983):(0.0,0.0)
body:62:(-7.5,4.0,0.0):(-8.470144,4.000000,0.073694):(0.0,0.0)
waist:37:(-7.0,-3.0,0.0):(-7.898966,-2.671797,0.223396):(0.0,0.0)
body:127:(-7.5,17.0,-4.6):(-8.092811,16.251198,-4.303596):(0.0,0.0)
body:110:(-8.0,17.0,-5.6):(-8.852408,16.773535,-6.071284):(0.0,0.0)
r_breast:76:(-2.0,2.8,-0.6):(-2.632171,2.092583,-0.283917):(0.0,0.0)
r_breast:67:(-2.5,2.8,-1.6):(-3.384482,2.382254,-1.807785):(0.0,0.0)
body:111:(-7.3,17.6,-5.5):(-7.081684,18.424114,-6.022677):(0.0,0.0)
r_breast:68:(-2.0,3.5,-1.5):(-1.775634,4.296536,-2.061432):(0.0,0.0)
r_breast:62:(-1.4,3.8,-0.8):(-1.964683,2.974692,-0.800000):(0.0,0.0)
body:65:(-7.1,17.6,-5.0):(-8.086513,17.466043,-5.011959):(0.0,0.0)
body:104:(-7.1,17.6,-5.8):(-7.870642,17.420530,-6.411475):(0.0,0.0)
r_breast:71:(-2.0,3.5,-1.2):(-1.536089,4.256393,-1.661162):(0.0,0.0)
body:113:(-7.3,17.6,-5.2):(-7.147935,18.381254,-5.805422):(0.0,0.0)
r_breast:73:(-1.0,4.0,-1.2):(-1.234254,4.468518,-2.051839):(0.0,0.0)
body:114:(-6.3,18.2,-5.5):(-6.679559,18.622122,-6.323262):(0.0,0.0)
r_breast:58:(-1.4,3.8,-1.8):(-1.807011,4.035374,-2.682578):(0.0,0.0)
body:103:(-6.5,18.0,-5.9):(-6.824539,18.529932,-6.683481):(0.0,0.0)
r_breast:57:(-0.8,4.1,-1.7):(-0.862158,4.688978,-2.505756):(0.0,0.0)
body:102:(-6.0,18.3,-5.9):(-6.197793,18.833511,-6.722339):(0.0,0.0)
r_breast:56:(-0.2,4.4,-1.5):(-0.237852,5.005609,-2.294864):(0.0,0.0)
body:143:(-2.0,19.0,-5.9):(-2.060951,19.370703,-6.826751):(0.0,0.0)
r_breast:59:(1.2,3.7,-2.1):(1.253395,4.292929,-2.903485):(0.0,0.0)
r_breast:88:(1.8,3.6,-2.0):(1.989654,4.171373,-2.798479):(0.0,0.0)
body:106:(-0.7,16.7,-6.9):(0.061622,17.210333,-7.299367):(0.0,0.0)
r_breast:87:(1.8,3.1,-2.4):(1.973026,3.719882,-3.165383):(0.0,0.0)
body:107:(-0.4,16.1,-7.0):(0.494427,16.547215,-7.000000):(0.0,0.0)
r_breast:86:(1.9,2.4,-2.9):(2.054754,1.941390,-3.775058):(0.0,0.0)
body:27:(0.0,15.3,-7.2):(-0.000000,14.300001,-7.200000):(0.0,0.0)
r_breast:85:(1.9,2.4,-1.9):(1.828753,1.402546,-1.900002):(0.0,0.0)
body:28:(0.0,15.3,-6.2):(-0.000000,14.300001,-6.200000):(0.0,0.0)
r_breast:82:(2.3,1.8,-2.3):(2.150208,2.776065,-2.457699):(0.0,0.0)
r_breast:72:(0.6,2.8,-2.3):(0.579439,3.366250,-3.123983):(0.0,0.0)
body:109:(-0.5,15.4,-7.0):(0.313734,15.981240,-7.000000):(0.0,0.0)
r_breast:80:(2.3,1.9,-2.4):(1.918890,2.761285,-2.063918):(0.0,0.0)
r_breast:81:(2.3,1.9,-2.7):(2.378589,2.742478,-3.232976):(0.0,0.0)
r_breast:83:(2.7,1.2,-2.8):(3.199903,0.706278,-3.511570):(0.0,0.0)
body:29:(0.0,14.7,-7.1):(0.000000,15.700003,-7.100000):(0.0,0.0)
r_breast:84:(2.7,1.2,-2.1):(2.942536,0.229863,-2.100000):(0.0,0.0)
body:36:(0.0,14.7,-6.6):(0.000000,15.700003,-6.599999):(0.0,0.0)
r_breast:18:(-2.3,2.8,-1.1):(-2.712632,3.340148,-1.770143):(0.0,0.0)
body:81:(-8.7,15.7,-4.4):(-9.672852,15.948370,-4.482292):(0.0,0.0)
r_breast:16:(-3.7,1.3,-0.8):(-4.483250,1.665040,-1.309649):(0.0,0.0)
r_breast:6:(-4.4,-0.5,1.3):(-5.423798,-0.500932,1.156470):(0.0,0.0)
body:82:(-8.7,12.5,-2.5):(-9.660762,12.418982,-2.510518):(0.0,0.0)
r_breast:7:(-3.8,-2.7,1.2):(-4.800294,-2.998882,1.067775):(0.0,0.0)
body:83:(-8.0,10.3,-2.5):(-8.961293,10.154480,-2.751078):(0.0,0.0)
body:130:(-7.2,4.0,-5.5):(-8.124373,4.002413,-5.881247):(0.0,0.0)
r_breast:8:(-3.7,-2.5,-0.8):(-4.506195,-2.890049,-1.248185):(0.0,0.0)
body:129:(-5.0,4.0,-7.0):(-5.386292,3.995423,-7.859508):(0.0,0.0)
r_breast:10:(-1.7,-2.8,-2.8):(-2.161218,-3.285660,-3.637792):(0.0,0.0)
r_breast:15:(0.5,-2.8,-3.2):(0.599921,-3.270636,-4.136843):(0.0,0.0)
body:38:(0.0,4.0,-6.5):(0.000000,3.996413,-7.450090):(0.0,0.0)
r_breast:13:(3.0,-2.5,-2.2):(3.444648,-2.897011,-3.023387):(0.0,0.0)
r_breast:27:(3.7,-0.2,-2.0):(2.705495,-0.304685,-2.000000):(0.0,0.0)
body:144:(-1.0,15.3,-7.6):(-1.000000,16.300005,-7.600000):(0.0,0.0)
r_breast:26:(3.5,1.7,-3.8):(2.505495,1.595317,-3.799999):(0.0,0.0)
body:145:(-1.0,15.3,-6.1):(-1.000000,16.300005,-6.100000):(0.0,0.0)
l_arm1:0:(2.5,1.5,0.0):(3.332050,2.054700,0.000000):(1.0,0.0)
body:156:(8.5,22.5,0.0):(8.913983,23.372522,-0.154964):(0.0,0.0)
body:157:(8.5,22.5,4.5):(8.993024,23.283651,4.885745):(0.0,0.0)
l_arm1:7:(2.0,0.0,-2.5):(2.679952,0.310058,-3.164477):(0.0,0.0)
body:154:(9.0,18.5,-2.0):(9.762764,18.677399,-2.533812):(0.0,0.0)
l_arm1:2:(-1.0,-3.0,-3.5):(-1.394196,-2.887390,-4.412100):(0.5,1.0)
body:148:(8.5,14.0,-1.0):(9.470297,13.984373,-0.948527):(0.0,0.0)
l_arm1:9:(-2.0,-4.5,0.0):(-2.999938,-4.488889,0.000000):(0.0,0.0)
body:153:(8.5,14.0,3.5):(9.283968,13.858848,4.114010):(0.0,0.0)
l_arm1:12:(-1.0,-3.0,3.5):(-1.394196,-2.887390,4.412100):(0.0,0.0)
body:155:(9.0,17.5,4.5):(9.673111,17.388407,5.252596):(0.0,0.0)
l_arm1:15:(2.0,0.0,2.5):(2.679952,0.310058,3.164477):(0.0,0.0)
l_arm2:14:(-3.3,-0.5,-0.0):(-4.289214,-0.470842,0.143540):(0.0,0.0)
l_arm1:10:(-2.3,-16.0,0.0):(-3.299660,-15.973922,0.000000):(0.0,0.0)
l_arm1:4:(-1.1,-16.0,-3.0):(-1.853872,-16.006960,-3.656984):(0.0,0.0)
l_arm2:1:(-1.8,-2.0,-2.8):(-2.471689,-2.000000,-3.540834):(0.5,0.0)
l_arm1:3:(2.1,-16.0,-3.0):(2.764740,-16.027037,-3.746584):(1.0,1.0)
l_arm2:0:(1.8,-2.0,-2.8):(2.471689,-2.000000,-3.540834):(1.0,0.0)
l_arm2:5:(3.3,-0.5,-0.0):(4.289214,-0.470842,0.143540):(0.0,0.0)
l_arm1:6:(3.7,-16.0,0.0):(4.699734,-16.023071,0.000000):(0.0,0.0)
l_arm2:6:(1.8,0.5,2.5):(2.303157,0.545742,3.362983):(0.0,0.0)
l_arm1:13:(2.1,-16.0,3.0):(2.764740,-16.027037,3.746584):(0.0,0.0)
l_arm1:14:(-1.1,-16.0,3.0):(-1.853872,-16.006960,3.656984):(0.0,0.0)
l_arm2:10:(-1.8,0.5,2.5):(-2.303157,0.545742,3.362983):(0.0,0.0)
body:149:(7.5,4.0,0.0):(8.470144,4.000000,0.073694):(0.0,0.0)
waist:2:(7.0,-3.0,0.0):(7.898966,-2.671797,0.223396):(0.5,1.0)
l_breast:76:(2.0,2.8,-0.6):(2.632172,2.092582,-0.283917):(0.0,0.0)
body:197:(8.0,17.0,-5.6):(8.852409,16.773535,-6.071284):(0.0,0.0)
body:214:(7.5,17.0,-4.6):(8.092811,16.251200,-4.303596):(0.0,0.0)
l_breast:67:(2.5,2.8,-1.6):(3.384482,2.382254,-1.807785):(0.0,0.0)
l_breast:68:(2.0,3.5,-1.5):(1.775633,4.296535,-2.061432):(0.0,0.0)
body:198:(7.3,17.6,-5.5):(7.081684,18.424114,-6.022677):(0.0,0.0)
body:191:(7.1,17.6,-5.8):(7.884693,17.368229,-6.374926):(0.0,0.0)
body:152:(7.1,17.6,-5.0):(8.086513,17.466043,-5.011959):(0.0,0.0)
l_breast:62:(1.4,3.8,-0.8):(1.964683,2.974691,-0.800000):(0.0,0.0)
l_breast:71:(2.0,3.5,-1.2):(1.536089,4.256393,-1.661161):(0.0,0.0)
body:200:(7.3,17.6,-5.2):(7.147935,18.381254,-5.805422):(0.0,0.0)
l_breast:73:(1.0,4.0,-1.2):(1.234254,4.468518,-2.051839):(0.0,0.0)
body:201:(6.3,18.2,-5.5):(6.679559,18.622122,-6.323262):(0.0,0.0)
l_breast:58:(1.4,3.8,-1.8):(1.807011,4.035373,-2.682578):(0.0,0.0)
body:190:(6.5,18.0,-5.9):(6.872767,18.486437,-6.690202):(0.0,0.0)
l_breast:57:(0.8,4.1,-1.7):(0.862158,4.688978,-2.505756):(0.0,0.0)
body:189:(6.0,18.3,-5.9):(6.197793,18.833511,-6.722339):(0.0,0.0)
l_breast:56:(0.2,4.4,-1.5):(0.237851,5.005608,-2.294864):(0.0,0.0)
body:230:(2.0,19.0,-5.9):(2.060951,19.370703,-6.826751):(0.0,0.0)
l_breast:59:(-1.2,3.7,-2.1):(-1.253395,4.292929,-2.903485):(0.0,0.0)
l_breast:88:(-1.8,3.6,-2.0):(-1.989653,4.171372,-2.798479):(0.0,0.0)
body:193:(0.7,16.7,-6.9):(-0.061622,17.210333,-7.299367):(0.0,0.0)
l_breast:87:(-1.8,3.1,-2.4):(-1.973026,3.719880,-3.165383):(0.0,0.0)
body:194:(0.4,16.1,-7.0):(-0.494427,16.547215,-7.000000):(0.0,0.0)
l_breast:86:(-1.9,2.4,-2.9):(-2.054754,1.941390,-3.775058):(0.0,0.0)
l_breast:85:(-1.9,2.4,-1.9):(-1.828754,1.402546,-1.900002):(0.0,0.0)
body:196:(0.5,15.4,-7.0):(-0.313734,15.981240,-7.000000):(0.0,0.0)
l_breast:72:(-0.6,2.8,-2.3):(-0.579439,3.366251,-3.123983):(0.0,0.0)
l_breast:82:(-2.3,1.8,-2.3):(-2.150208,2.776064,-2.457699):(0.0,0.0)
l_breast:80:(-2.3,1.9,-2.4):(-1.918890,2.761284,-2.063918):(0.0,0.0)
l_breast:81:(-2.3,1.9,-2.7):(-2.389618,2.731101,-3.248861):(0.0,0.0)
l_breast:83:(-2.7,1.2,-2.8):(-3.197837,0.687422,-3.499585):(0.0,0.0)
l_breast:84:(-2.7,1.2,-2.1):(-2.942536,0.229863,-2.100000):(0.0,0.0)
body:168:(8.7,15.7,-4.4):(9.672852,15.948370,-4.482292):(0.0,0.0)
l_breast:18:(2.3,2.8,-1.1):(2.712632,3.340148,-1.770143):(0.0,0.0)
l_breast:16:(3.7,1.3,-0.8):(4.483250,1.665040,-1.309649):(0.0,0.0)
l_breast:6:(4.4,-0.5,1.3):(5.423798,-0.500932,1.156470):(0.0,0.0)
body:169:(8.7,12.5,-2.5):(9.660762,12.418982,-2.510518):(0.0,0.0)
l_breast:7:(3.8,-2.7,1.2):(4.800294,-2.998882,1.067775):(0.0,0.0)
body:170:(8.0,10.3,-2.5):(8.961293,10.154480,-2.751078):(0.0,0.0)
body:217:(7.2,4.0,-5.5):(8.124373,4.002413,-5.881247):(0.0,0.0)
l_breast:8:(3.7,-2.5,-0.8):(4.506195,-2.890050,-1.248185):(0.0,0.0)
body:216:(5.0,4.0,-7.0):(5.386292,3.995423,-7.859508):(0.0,0.0)
l_breast:10:(1.7,-2.8,-2.8):(2.161217,-3.285660,-3.637793):(0.0,0.0)
l_breast:15:(-0.5,-2.8,-3.2):(-0.599922,-3.270636,-4.136843):(0.0,0.0)
l_breast:13:(-3.0,-2.5,-2.2):(-3.444647,-2.897011,-3.023387):(0.0,0.0)
l_breast:26:(-3.5,1.7,-3.8):(-2.505495,1.595317,-3.799999):(0.0,0.0)
body:146:(1.0,15.3,-7.6):(1.000000,16.300005,-7.600000):(0.0,0.0)
l_breast:27:(-3.7,-0.2,-1.7):(-2.705495,-0.304685,-1.700000):(0.0,0.0)
body:147:(1.0,15.3,-6.1):(1.000000,16.300005,-6.100000):(0.0,0.0)
r_breast:22:(3.0,1.3,-2.2):(3.381310,1.656464,-3.071435):(0.0,0.0)
body:58:(0.0,15.0,-6.6):(0.000000,15.173789,-7.584783):(0.0,0.0)
r_breast:12:(3.5,-0.6,-2.3):(4.011408,-0.604655,-3.156007):(0.0,0.0)
l_breast:12:(-3.5,-0.6,-2.3):(-4.011408,-0.604655,-3.156007):(0.0,0.0)
l_breast:22:(-3.0,1.3,-2.2):(-3.404442,1.675810,-3.053236):(0.0,0.0)
r_breast:28:(3.7,-0.2,-3.7):(2.705495,-0.304685,-3.699999):(0.0,0.0)
l_breast:28:(-3.7,-0.2,-3.7):(-2.705495,-0.304685,-3.699999):(0.0,0.0)
Material:
(240,240,240,255)::
(255,225,200,255)::
(16,90,140,255)::
(16,80,127,255)::
(200,0,0,255)::
FaceArray:
0,1,2:1
1,3,2:1
4,6,7:1
4,7,5:1
8,9,10:0
9,11,10:0
12,11,9:0
11,12,13:0
14,13,12:0
14,15,13:0
14,16,15:0
16,17,15:0
16,18,17:0
18,19,17:0
18,8,19:0
8,10,19:0
20,21,22:0
23,20,22:0
24,20,23:0
23,25,24:0
25,26,24:0
26,27,24:0
28,27,26:0
29,27,28:0
30,29,28:0
31,30,28:0
21,30,31:0
22,21,31:0
2,32,0:1
2,33,32:1
33,6,32:1
33,7,6:1
34,35,36:2
36,35,37:2
35,38,39:2
39,37,35:2
40,41,42:3
38,43,39:2
43,38,44:2
43,44,45:2
45,44,46:2
42,47,40:3
42,48,47:3
47,48,49:3
49,48,50:4
49,50,51:4
51,50,52:3
51,52,53:3
53,52,54:3
54,52,55:3
54,55,56:4
56,55,57:4
56,57,58:3
58,57,59:3
58,59,60:3
60,59,61:3
62,63,64:2
65,62,64:2
66,65,64:2
66,64,67:2
67,64,68:2
69,67,68:2
68,70,69:2
41,71,72:0
71,73,72:0
73,74,72:0
74,75,72:0
76,75,74:0
75,76,77:0
77,76,78:0
76,79,78:0
79,80,78:0
79,81,80:0
81,82,80:0
82,83,80:0
82,84,83:0
85,86,87:2
85,88,86:2
89,90,91:0
89,92,90:0
90,92,93:0
94,93,92:0
93,94,95:0
94,96,95:0
96,97,95:0
96,98,97:0
98,99,97:0
98,100,99:0
100,91,99:0
100,89,91:0
101,102,103:0
101,103,104:0
104,103,105:0
105,106,104:0
105,107,106:0
105,108,107:0
107,108,109:0
109,108,110:0
109,110,111:0
109,111,112:0
112,111,102:0
112,102,101:0
1,113,3:1
113,114,3:1
113,4,114:1
4,5,114:1
115,116,117:2
118,116,115:2
119,120,116:2
116,118,119:2
121,122,123:3
119,124,120:2
125,120,124:2
126,125,124:2
127,125,126:2
123,128,121:3
128,129,121:3
130,129,128:3
131,129,130:4
132,131,130:4
133,131,132:3
134,133,132:3
135,133,134:3
136,133,135:3
137,136,135:4
138,136,137:4
139,138,137:3
59,138,139:3
140,59,139:3
61,59,140:3
141,142,143:2
141,143,144:2
141,144,145:2
146,141,145:2
68,141,146:2
68,146,147:2
147,70,68:2
148,149,122:0
148,150,149:0
148,151,150:0
148,152,151:0
151,152,153:0
154,153,152:0
155,153,154:0
155,156,153:0
155,157,156:0
157,158,156:0
157,159,158:0
157,83,159:0
83,160,159:0
161,162,163:2
162,164,163:2
165,166,167:0
167,166,168:0
166,169,168:0
167,168,84:0
84,168,160:0
84,160,83:0
87,86,162:2
87,162,161:2
87,161,170:2
170,161,171:2
170,171,85:2
85,171,163:2
</>

<skirta_vp>
waist:::seo.skirta
skirt_f:waist:(0.0,-12.0,-3.0):seo.skirta_f
skirt_r:waist:(0.0,-20.0,10.0):seo.skirta_r
DynamicVisual:
waist:16:(-1.3,-8.0,-7.4):(-0.563323,-7.741844,-8.008392):(0.0,0.0)
waist:17:(-1.3,-8.0,-6.9):(-0.270429,-8.000000,-6.850096):(0.0,0.0)
skirt_f:4:(-1.7,-8.0,-5.2):(-0.671228,-8.039968,-5.150096):(0.0,0.0)
skirt_f:1:(-1.7,-8.0,-5.9):(-0.963417,-8.004707,-6.557284):(0.5,0.0)
waist:15:(-4.2,-8.0,-7.4):(-4.861953,-7.678526,-7.996972):(0.0,0.0)
skirt_f:0:(-5.5,-8.0,-5.9):(-6.174786,-7.924819,-6.555954):(1.0,0.0)
skirt_f:20:(-5.5,-8.0,-5.2):(-6.467752,-7.926863,-5.150096):(0.0,0.0)
waist:25:(-4.2,-8.0,-6.9):(-5.165658,-7.902429,-6.850096):(0.0,0.0)
waist:19:(-6.8,-8.0,-6.1):(-7.546853,-7.665622,-6.584285):(0.0,0.0)
waist:20:(-4.1,-8.0,-7.1):(-4.241137,-7.712618,-7.992577):(0.0,0.0)
skirt_f:9:(-5.4,-8.0,-5.4):(-5.677795,-7.945791,-6.300142):(0.0,0.0)
skirt_f:8:(-8.8,-8.0,-4.3):(-9.573731,-7.896997,-4.836697):(0.0,0.0)
waist:26:(-6.8,-8.0,-5.6):(-7.729795,-7.717834,-5.550097):(0.0,0.0)
skirt_f:22:(-8.8,-8.0,-3.6):(-9.764071,-7.887387,-3.550097):(0.0,0.0)
waist:21:(-8.5,-8.0,-3.2):(-9.406236,-7.647835,-3.134534):(0.0,0.0)
waist:22:(-6.7,-8.0,-5.8):(-7.449495,-7.680384,-6.289450):(0.0,0.0)
skirt_f:13:(-8.7,-8.0,-3.8):(-9.430036,-7.896787,-4.392239):(0.0,0.0)
skirt_f:12:(-12.0,-13.0,-0.7):(-12.872024,-12.914958,-0.225944):(0.0,0.0)
waist:27:(-8.0,-8.0,-3.2):(-7.970426,-8.097571,-2.154871):(0.0,0.0)
skirt_f:25:(-11.3,-13.0,-0.7):(-11.270433,-13.031563,0.349402):(0.0,0.0)
waist:57:(-10.7,-11.0,-0.1):(-11.508279,-10.804502,0.459593):(0.0,0.0)
waist:24:(-8.2,-8.0,-3.3):(-9.009153,-7.728037,-3.721879):(0.0,0.0)
skirt_f:17:(-11.5,-13.0,-0.8):(-12.350148,-12.856046,-1.203284):(0.0,0.0)
skirt_f:16:(-14.5,-20.0,2.8):(-15.311658,-19.862341,3.372782):(0.0,0.0)
waist:58:(-10.2,-11.0,-0.1):(-10.170426,-11.000000,0.949901):(0.0,0.0)
skirt_f:26:(-13.7,-20.0,2.8):(-13.670439,-19.999996,3.849900):(0.0,0.0)
waist:65:(-8.1,-17.0,7.8):(-8.954022,-16.788589,8.267714):(0.0,0.0)
waist:64:(-10.4,-11.0,-0.1):(-11.253977,-10.791220,0.369126):(0.0,0.0)
skirt_f:33:(-13.9,-20.0,2.7):(-14.747280,-19.802708,2.311476):(0.0,0.0)
skirt_r:20:(-10.0,-14.0,-0.8):(-10.246415,-13.927241,0.108503):(0.0,0.0)
skirt_f:32:(-14.4,-22.0,2.8):(-15.247274,-21.802708,2.411476):(0.0,0.0)
skirt_r:7:(-9.8,-14.0,-1.0):(-9.665582,-14.413671,-1.954271):(0.0,0.0)
skirt_f:35:(-13.2,-20.0,2.8):(-12.410378,-20.459122,3.309805):(0.0,0.0)
waist:14:(-8.5,-8.0,0.0):(-7.968924,-8.804144,-0.269233):(0.0,0.0)
skirt_f:27:(-14.2,-22.0,2.8):(-13.798085,-22.632744,3.528860):(0.0,0.0)
skirt_f:34:(-5.5,-8.0,-4.7):(-5.125273,-8.134182,-3.721194):(0.0,0.0)
waist:9:(-5.0,-8.0,-6.0):(-4.970429,-9.000000,-5.950096):(0.0,0.0)
waist:8:(5.0,-8.0,-6.0):(4.970429,-9.000000,-5.950096):(0.0,0.0)
skirt_f:36:(5.5,-8.0,-4.7):(5.125273,-8.134182,-3.721194):(0.0,0.0)
waist:18:(-1.4,-8.0,-7.1):(-1.370430,-7.683772,-7.998779):(0.0,0.0)
waist:35:(1.4,-8.0,-7.1):(1.370430,-7.683772,-7.998779):(0.0,0.0)
skirt_f:29:(1.8,-8.0,-5.4):(1.770430,-7.966685,-6.349542):(0.0,0.0)
skirt_f:6:(-1.8,-8.0,-5.4):(-1.770430,-7.966685,-6.349542):(0.0,0.0)
waist:47:(-8.5,-17.0,8.0):(-9.375868,-16.815502,8.332384):(0.0,0.0)
waist:61:(-8.0,-17.0,7.4):(-8.734976,-17.097692,6.712975):(0.0,0.0)
skirt_r:22:(-9.5,-4.0,-1.2):(-10.464413,-3.898534,-1.208543):(0.0,0.0)
skirt_r:23:(-8.8,-4.0,-1.5):(-8.854218,-4.041403,-2.545525):(0.0,0.0)
skirt_r:21:(-9.1,-4.0,-1.3):(-9.346410,-3.927243,-0.391495):(0.0,0.0)
waist:48:(-5.2,-17.0,9.0):(-5.416864,-16.761969,9.889569):(0.0,0.0)
skirt_r:16:(-5.8,-4.0,-0.0):(-6.071634,-3.924975,0.900701):(0.0,0.0)
waist:39:(-5.3,-17.0,9.5):(-5.962004,-16.742968,10.125122):(0.0,0.0)
waist:50:(-5.3,-17.0,8.8):(-6.263043,-16.878681,8.750095):(0.0,0.0)
skirt_r:14:(-5.9,-4.0,0.5):(-6.574266,-3.911045,1.154872):(0.0,0.0)
skirt_r:15:(-5.9,-4.0,-0.2):(-6.867726,-3.926515,-0.249901):(0.0,0.0)
waist:40:(-1.8,-17.0,9.5):(-1.059512,-16.863203,10.139939):(0.0,0.0)
skirt_r:13:(-2.0,-4.0,0.5):(-1.263088,-3.985141,1.156818):(0.0,0.0)
waist:42:(-1.8,-17.0,8.8):(-0.771969,-17.055470,8.750095):(0.0,0.0)
skirt_r:12:(-2.0,-4.0,-0.2):(-0.970928,-4.031563,-0.249903):(0.0,0.0)
waist:55:(1.9,-17.0,9.0):(1.870430,-16.772770,9.923938):(0.0,0.0)
waist:43:(-1.9,-17.0,9.0):(-1.870430,-16.772770,9.923938):(0.0,0.0)
skirt_r:11:(-2.1,-4.0,-0.0):(-2.070430,-3.947441,0.948716):(0.0,0.0)
skirt_r:10:(2.1,-4.0,-0.0):(2.070430,-3.947441,0.948716):(0.0,0.0)
waist:67:(-7.0,-17.0,7.5):(-6.514484,-17.288427,6.707926):(0.0,0.0)
skirt_r:17:(-5.5,-4.0,-0.7):(-5.311464,-4.107182,-1.731349):(0.0,0.0)
waist:68:(7.0,-17.0,7.5):(6.514484,-17.288427,6.707926):(0.0,0.0)
skirt_r:18:(5.5,-4.0,-0.7):(5.311464,-4.107182,-1.731349):(0.0,0.0)
skirt_f:41:(1.7,-8.0,-5.2):(0.671228,-8.039968,-5.150096):(0.0,0.0)
waist:74:(1.3,-8.0,-6.9):(0.270429,-8.000000,-6.850096):(0.0,0.0)
waist:73:(1.3,-8.0,-7.4):(0.563323,-7.741844,-8.008392):(0.0,0.0)
skirt_f:38:(1.7,-8.0,-5.9):(0.963417,-8.004707,-6.557284):(0.0,0.0)
waist:72:(4.2,-8.0,-7.4):(4.861953,-7.678526,-7.996972):(0.0,0.0)
skirt_f:37:(5.5,-8.0,-5.9):(6.174786,-7.924819,-6.555954):(0.0,0.0)
waist:81:(4.2,-8.0,-6.9):(5.165658,-7.902429,-6.850096):(0.0,0.0)
skirt_f:54:(5.5,-8.0,-5.2):(6.467752,-7.926863,-5.150096):(0.0,0.0)
skirt_f:43:(5.4,-8.0,-5.4):(5.657373,-7.947074,-6.306581):(0.0,0.0)
waist:76:(4.1,-8.0,-7.1):(4.241137,-7.712618,-7.992577):(0.0,0.0)
waist:75:(6.8,-8.0,-6.1):(7.546853,-7.665622,-6.584285):(0.0,0.0)
skirt_f:42:(8.8,-8.0,-4.3):(9.567355,-7.896984,-4.845328):(0.0,0.0)
waist:82:(6.8,-8.0,-5.6):(7.729795,-7.717834,-5.550097):(0.0,0.0)
skirt_f:56:(8.8,-8.0,-3.6):(9.764071,-7.887387,-3.550097):(0.0,0.0)
skirt_f:47:(8.7,-8.0,-3.8):(9.388505,-7.900250,-4.438878):(0.0,0.0)
waist:78:(6.7,-8.0,-5.8):(7.449495,-7.680384,-6.289450):(0.0,0.0)
waist:77:(8.5,-8.0,-3.2):(9.406236,-7.647835,-3.134534):(0.0,0.0)
skirt_f:46:(12.0,-13.0,-0.7):(12.884733,-12.913180,-0.254470):(0.0,0.0)
waist:83:(8.0,-8.0,-3.2):(7.970426,-8.097571,-2.154871):(0.0,0.0)
skirt_f:59:(11.3,-13.0,-0.7):(11.270433,-13.031563,0.349402):(0.0,0.0)
skirt_f:51:(11.5,-13.0,-0.8):(12.334168,-12.857448,-1.233460):(0.0,0.0)
waist:80:(8.2,-8.0,-3.3):(9.009153,-7.728037,-3.721879):(0.0,0.0)
waist:104:(10.7,-11.0,-0.1):(11.508279,-10.804502,0.459593):(0.0,0.0)
skirt_f:50:(14.5,-20.0,2.8):(15.320156,-19.859758,3.358150):(0.0,0.0)
waist:105:(10.2,-11.0,-0.1):(10.170426,-11.000000,0.949901):(0.0,0.0)
skirt_f:60:(13.7,-20.0,2.8):(13.670439,-19.999996,3.849900):(0.0,0.0)
skirt_f:64:(13.9,-20.0,2.7):(14.747280,-19.802708,2.311476):(0.0,0.0)
waist:111:(10.4,-11.0,-0.1):(11.253977,-10.791220,0.369126):(0.0,0.0)
waist:112:(8.1,-17.0,7.8):(8.954022,-16.788589,8.267714):(0.0,0.0)
skirt_r:36:(10.0,-14.0,-0.8):(10.246415,-13.927241,0.108503):(0.0,0.0)
skirt_f:63:(14.4,-22.0,2.8):(15.247274,-21.802708,2.411476):(0.0,0.0)
skirt_f:61:(14.2,-22.0,2.8):(13.815033,-22.643784,3.527564):(0.0,0.0)
skirt_r:29:(9.8,-14.0,-1.0):(9.662891,-14.414584,-1.953536):(0.0,0.0)
skirt_f:65:(13.2,-20.0,2.8):(12.410378,-20.459122,3.309805):(0.0,0.0)
waist:71:(8.5,-8.0,0.0):(7.968924,-8.804144,-0.269233):(0.0,0.0)
skirt_r:38:(9.5,-4.0,-1.2):(10.464413,-3.898534,-1.208543):(0.0,0.0)
waist:108:(8.0,-17.0,7.4):(8.734976,-17.097692,6.712975):(0.0,0.0)
waist:98:(8.5,-17.0,8.0):(9.375868,-16.815502,8.332384):(0.0,0.0)
skirt_r:39:(8.8,-4.0,-1.5):(8.854218,-4.041403,-2.545525):(0.0,0.0)
skirt_r:37:(9.1,-4.0,-1.3):(9.346410,-3.927243,-0.391495):(0.0,0.0)
waist:99:(5.2,-17.0,9.0):(5.416864,-16.761969,9.889569):(0.0,0.0)
skirt_r:34:(5.8,-4.0,-0.0):(6.071634,-3.924975,0.900701):(0.0,0.0)
skirt_r:32:(5.9,-4.0,0.5):(6.574266,-3.911045,1.154871):(0.0,0.0)
waist:101:(5.3,-17.0,8.8):(6.263043,-16.878681,8.750095):(0.0,0.0)
waist:92:(5.3,-17.0,9.5):(5.962004,-16.742968,10.125122):(0.0,0.0)
skirt_r:33:(5.9,-4.0,-0.2):(6.867726,-3.926515,-0.249901):(0.0,0.0)
waist:93:(1.8,-17.0,9.5):(1.059512,-16.863203,10.139939):(0.0,0.0)
skirt_r:31:(2.0,-4.0,0.5):(1.263088,-3.985141,1.156818):(0.0,0.0)
skirt_r:30:(2.0,-4.0,-0.2):(0.970928,-4.031563,-0.249903):(0.0,0.0)
waist:95:(1.8,-17.0,8.8):(0.771969,-17.055470,8.750095):(0.0,0.0)
Material:
(16,80,127,255)::
FaceArray:
0,1,2:0
2,3,0:0
4,0,3:0
4,3,5:0
4,6,7:0
4,5,6:0
8,9,10:0
8,10,11:0
12,8,11:0
12,11,13:0
14,15,16:0
14,16,17:0
18,14,17:0
18,17,19:0
20,21,22:0
20,22,23:0
24,20,23:0
24,23,25:0
26,27,28:0
28,30,29:0
32,31,34:0
31,30,34:0
30,31,29:0
32,35,33:0
36,33,35:0
37,36,35:0
35,38,37:0
39,40,41:0
39,41,42:0
43,44,45:0
44,46,45:0
47,26,28:0
28,29,47:0
48,43,45:0
48,45,49:0
50,51,52:0
51,53,52:0
54,50,52:0
54,52,55:0
56,54,57:0
54,55,57:0
58,59,60:0
58,60,61:0
33,62,46:0
33,46,32:0
32,46,31:0
46,62,63:0
62,64,63:0
64,65,63:0
66,67,68:0
68,69,66:0
69,68,70:0
71,69,70:0
72,73,70:0
73,71,70:0
74,75,76:0
77,74,76:0
77,76,78:0
79,77,78:0
80,81,82:0
83,80,82:0
83,82,84:0
85,83,84:0
86,87,88:0
89,86,88:0
89,88,90:0
91,89,90:0
92,93,94:0
95,96,92:0
97,98,99:0
97,96,98:0
95,98,96:0
100,38,99:0
38,100,37:0
101,102,103:0
101,104,102:0
92,94,105:0
105,95,92:0
101,103,106:0
107,101,106:0
108,109,110:0
108,111,109:0
108,110,112:0
113,108,112:0
114,112,115:0
114,113,112:0
104,64,100:0
99,104,100:0
98,104,99:0
65,64,104:0
</>

<shoesa_vp>
l_leg2:::seo.l_shoea2
l_foot:::seo.l_shoea
r_leg2:::seo.r_shoea2
r_foot:::seo.r_shoea
DynamicVisual:
l_leg2:8:(-1.8,-35.0,-2.0):(-2.332367,-35.042274,-2.845459):(0.0,0.0)
l_leg2:9:(0.9,-35.0,-2.0):(1.445933,-35.050915,-2.836283):(0.0,0.0)
l_foot:31:(-1.3,-1.0,-3.7):(-1.389569,-0.326229,-2.966512):(0.0,0.0)
l_foot:30:(1.8,-1.0,-3.7):(1.889570,-0.326229,-2.966512):(0.0,0.0)
l_leg2:6:(2.0,-35.0,0.5):(2.997643,-35.052116,0.455286):(0.0,0.0)
l_foot:34:(2.4,-2.0,-3.0):(2.465297,-1.178201,-2.433970):(0.0,0.0)
l_foot:35:(2.7,-2.0,1.0):(2.700002,-0.999997,1.000001):(0.0,0.0)
l_leg2:10:(0.8,-35.0,3.6):(1.363541,-35.087242,4.421470):(0.0,0.0)
l_foot:36:(1.5,-2.0,2.7):(1.500002,-0.999997,2.700001):(0.0,0.0)
l_leg2:11:(-1.8,-35.0,3.6):(-2.364765,-35.068535,4.422401):(0.0,0.0)
l_foot:37:(-1.0,-2.0,2.7):(-1.000002,-0.999997,2.700001):(0.0,0.0)
l_foot:33:(-2.2,-2.0,1.0):(-2.200002,-0.999997,1.000001):(0.0,0.0)
l_leg2:7:(-3.0,-35.0,0.5):(-3.998001,-35.031860,0.445394):(0.0,0.0)
l_foot:32:(-1.9,-2.0,-3.0):(-1.965297,-1.178201,-2.433970):(0.0,0.0)
r_foot:31:(1.3,-1.0,-3.7):(1.389569,-0.326229,-2.966512):(0.0,0.0)
r_leg2:9:(-0.9,-35.0,-2.0):(-1.445933,-35.050915,-2.836283):(0.0,0.0)
r_leg2:8:(1.8,-35.0,-2.0):(2.332367,-35.042274,-2.845459):(0.0,0.0)
r_foot:30:(-1.8,-1.0,-3.7):(-1.889570,-0.326229,-2.966512):(0.0,0.0)
r_leg2:6:(-2.0,-35.0,0.5):(-2.997643,-35.052116,0.455286):(0.0,0.0)
r_foot:34:(-2.4,-2.0,-3.0):(-2.465297,-1.178201,-2.433970):(0.0,0.0)
r_foot:35:(-2.7,-2.0,1.0):(-2.700002,-0.999997,1.000001):(0.0,0.0)
r_leg2:10:(-0.8,-35.0,3.6):(-1.363540,-35.087242,4.421470):(0.0,0.0)
r_foot:36:(-1.5,-2.0,2.7):(-1.500002,-0.999997,2.700001):(0.0,0.0)
r_leg2:11:(1.8,-35.0,3.6):(2.364765,-35.068535,4.422401):(0.0,0.0)
r_foot:37:(1.0,-2.0,2.7):(1.000002,-0.999997,2.700001):(0.0,0.0)
r_foot:33:(2.2,-2.0,1.0):(2.200002,-0.999997,1.000001):(0.0,0.0)
r_leg2:7:(3.0,-35.0,0.5):(3.998001,-35.031860,0.445394):(0.0,0.0)
r_foot:32:(1.9,-2.0,-3.0):(1.965296,-1.178201,-2.433970):(0.0,0.0)
Material:
(16,80,127,255)::
FaceArray:
0,1,2:0
2,1,3:0
1,4,3:0
3,4,5:0
4,6,5:0
4,7,6:0
7,8,6:0
7,9,8:0
9,10,8:0
9,11,10:0
9,12,11:0
12,13,11:0
12,2,13:0
2,12,0:0
14,15,16:0
17,15,14:0
17,18,15:0
19,18,17:0
19,20,18:0
20,21,18:0
20,22,21:0
22,23,21:0
22,24,23:0
24,25,23:0
25,26,23:0
25,27,26:0
27,14,26:0
16,26,14:0
</>
