<frame>
class:human.female
body::(0.0,0.0,0.0):(0.0,0.0,0.0):HPb:(1.1,1.1,1.1)
head:body:(0.0,31.0,1.0):(0.0,0.0,0.0):HPb:
l_breast:body:(4.5,13.0,-5.5):(0.0,0.0,0.0):---:(1.12,1.12,1.12)
r_breast:body:(-4.5,13.0,-5.5):(0.0,0.0,0.0):---:(1.12,1.12,1.12)
l_arm1:body:(9.0,19.0,1.5):(0.0,0.0,0.0):bPh:(1.1,1.12,1.1)
l_arm2:l_arm1:(0.5,-19.0,0.2):(0.0,0.0,0.0):HPB:(1.1,1.12,1.1)
l_hand:l_arm2:(0.0,-18.0,0.2):(0.0,0.0,0.0):Hbp:(1.1,1.1,1.1)
r_arm1:body:(-9.0,19.0,1.5):(0.0,0.0,0.0):bPh:(1.1,1.12,1.1)
r_arm2:r_arm1:(-0.5,-19.0,0.2):(0.0,0.0,0.0):HPB:(1.1,1.12,1.1)
r_hand:r_arm2:(0.0,-18.0,0.2):(0.0,0.0,0.0):Hbp:(1.1,1.1,1.1)
waist:body:(0.0,0.0,0.0):(0.0,0.0,0.0):HPB:(1.1,1.1,1.1)
l_leg1:waist:(3.5,-14.5,0.0):(0.0,0.0,0.0):bPh:(1.1,1.12,1.1)
l_leg2:l_leg1:(1.5,-35.5,1.5):(0.0,0.0,0.0):bPh:(1.1,1.12,1.1)
l_foot:l_leg2:(-0.5,-38.0,0.5):(0.0,0.0,0.0):HPB:(1.1,1.1,1.1)
r_leg1:waist:(-3.5,-14.5,0.0):(0.0,0.0,0.0):bPh:(1.1,1.12,1.1)
r_leg2:r_leg1:(-1.5,-35.5,1.5):(0.0,0.0,0.0):bPh:(1.1,1.12,1.1)
r_foot:r_leg2:(0.5,-38.0,0.5):(0.0,0.0,0.0):HPB:(1.1,1.1,1.1)
</>

<skin>
1,0,0,0,0,0,0:serio.head
0,1,0,0,0,0,0:female.body
0,0,1,0,0,0,0:female.arms
0,0,0,2,0,0,0:female.l_hand
0,0,0,1,0,0,0:female.r_hand
0,0,0,0,1,0,0:female.waist
0,0,0,0,0,1,0:female.legs
0,0,0,0,0,0,1:female.foots
</>

<defaultcos>
serio.sensor
serio.blazer
serio.skirtC
serio.shoesA
</>

<sensor>
class:human.
4,0,0,0,0,0,0:serio.sensor_vp
</>

<datasuit>
class:human.female
0,1,0,0,0,0,0:serio.datasuit_vp
0,0,0,0,1,0,0:serio.datasuit2_vp
</>

<gauntlets>
class:human.
0,0,3,3,0,0,0:serio.gauntlets_vp
</>

<boots>
class:human.
0,0,0,0,0,1,3:serio.boots_vp
</>

<blazer>
class:human.female
0,3,3,0,0,0,0:serio.blazer_vp
</>

<skirtC>
class:human.
0,0,0,0,2,0,0:serio.skirtC_vp
</>

<shoesA>
class:human.
0,0,0,0,0,0,2:serio.shoesA_vp
</>

<sensor_vp>
head:serio.sensor
</>

<head>
head:serio.head
body:serio.hair_r
DynamicVisual:
head:21:(0.0,6.0,13.5):(0.000000,6.000000,14.499997):(0.8,0.5)
head:161:(-5.5,6.0,12.5):(-6.086298,6.000000,13.310095):(0.0,0.0)
body:0:(0.0,25.0,12.5):(0.000000,24.757463,13.470143):(1.0,0.0)
body:20:(-5.5,25.0,11.5):(-5.789143,24.822361,12.440662):(0.0,0.0)
head:159:(-9.5,6.0,8.0):(-10.435138,5.988489,8.354113):(0.0,0.0)
body:19:(-9.5,25.0,9.0):(-10.271253,24.993019,9.636497):(0.0,0.0)
body:18:(-10.0,24.0,6.0):(-10.322299,23.895014,5.059198):(0.0,0.0)
head:151:(-10.5,5.5,2.0):(-11.426620,5.254113,1.715523):(0.1,0.3)
head:173:(-8.5,3.0,2.0):(-8.272751,2.582173,1.120354):(0.0,0.0)
body:3:(-5.0,25.0,8.0):(-4.815423,25.074923,7.020042):(1.0,1.0)
head:174:(-5.5,3.0,8.0):(-4.834658,3.000000,7.253466):(0.0,0.0)
head:104:(0.0,3.0,10.0):(0.000000,3.000000,8.999999):(0.0,0.0)
body:4:(5.0,25.0,8.0):(4.815423,25.074923,7.020042):(0.0,0.0)
head:90:(5.5,6.0,12.5):(6.086298,6.000000,13.310095):(0.0,0.0)
body:7:(5.5,25.0,11.5):(5.789143,24.822361,12.440662):(0.0,0.0)
head:88:(9.5,6.0,8.0):(10.435138,5.988489,8.354113):(0.1,0.9)
body:6:(9.5,25.0,9.0):(10.271253,24.993019,9.636497):(0.0,0.0)
body:5:(10.0,24.0,6.0):(10.322299,23.895014,5.059198):(0.0,0.0)
head:280:(10.5,5.5,2.0):(11.426620,5.254113,1.715523):(0.0,0.0)
head:281:(8.5,3.0,2.0):(8.272751,2.582173,1.120354):(0.0,0.0)
head:102:(5.5,3.0,8.0):(4.834658,3.000000,7.253466):(0.0,0.0)
Material:
(240,120,0,255)::
(255,255,255,255):serioface.bmp:F
FaceArray:
0,1,2:0
2,1,3:0
3,1,4:0
3,4,5:0
5,4,6:0
6,4,7:0
7,8,6:0
8,9,6:0
8,10,9:0
10,11,9:0
11,12,9:0
2,13,0:0
14,13,2:0
15,13,14:0
16,15,14:0
17,15,16:0
18,15,17:0
17,19,18:0
17,12,19:0
12,20,19:0
12,11,20:0
</>

<datasuit_vp>
body:serio.datasuit
l_breast:serio.datasuit_lb
r_breast:serio.datasuit_rb
DynamicVisual:
waist:12:(4.5,-3.0,-5.0):(4.896010,-2.794485,-5.831370):(0.0,0.0)
body:1:(4.5,4.0,4.5):(4.932235,3.869685,5.427259):(0.5,0.0)
waist:11:(4.5,-3.0,4.5):(4.682754,-2.696579,5.478804):(0.0,0.0)
body:88:(-4.5,4.0,-5.0):(-4.873500,3.730903,-5.824808):(0.0,0.0)
waist:14:(-4.5,-3.0,-5.0):(-4.896010,-2.794485,-5.831370):(0.0,0.0)
body:11:(-4.5,4.0,4.5):(-4.932235,3.869685,5.427259):(0.0,0.0)
waist:13:(-4.5,-3.0,4.5):(-4.682754,-2.696579,5.478804):(0.0,0.0)
waist:26:(-7.0,-3.0,0.0):(-7.914792,-2.671135,0.044988):(0.0,0.0)
body:33:(-7.5,4.0,0.0):(-8.443258,3.768497,0.047315):(0.0,0.0)
body:37:(-9.0,18.5,-2.0):(-9.820236,18.604160,-2.466785):(0.0,0.0)
body:32:(-8.5,15.0,-1.0):(-9.463959,14.886504,-0.950095):(0.0,0.0)
r_arm1:5:(1.0,-3.0,-2.5):(1.364588,-2.960278,-3.430322):(0.0,0.0)
r_arm1:9:(2.0,-4.0,0.0):(2.999955,-4.009483,0.000000):(0.0,0.0)
r_arm1:13:(1.0,-3.0,2.5):(1.364588,-2.960278,3.430321):(0.0,0.0)
body:36:(-8.5,15.0,3.0):(-9.253863,14.737286,3.613107):(0.0,0.0)
body:38:(-9.0,17.5,4.0):(-9.667886,17.335426,4.747372):(0.0,0.0)
r_arm1:11:(-1.8,-0.0,2.0):(-2.490121,0.134413,2.711102):(0.0,0.0)
body:40:(-8.5,22.5,4.0):(-9.053529,23.190966,4.477180):(0.0,0.0)
r_arm1:0:(-3.0,1.0,0.0):(-3.980580,1.196116,0.000000):(1.0,0.0)
body:39:(-8.5,22.5,0.0):(-9.124969,23.166573,-0.306829):(0.0,0.0)
r_arm1:3:(-1.8,-0.0,-2.0):(-2.490121,0.134414,-2.711102):(1.0,1.0)
r_breast:27:(-0.3,3.3,-2.4):(-0.471190,3.942954,-3.172250):(0.0,0.0)
r_breast:25:(-2.3,2.8,-2.1):(-2.712632,3.340148,-2.770143):(0.0,0.0)
body:96:(-4.6,18.0,-5.3):(-4.611875,18.433765,-6.170586):(0.0,0.0)
body:97:(-6.9,17.4,-4.8):(-7.435099,17.908043,-5.407218):(0.0,0.0)
body:92:(-2.0,17.2,-5.5):(-2.002084,17.646151,-6.366013):(0.0,0.0)
r_breast:31:(1.6,2.8,-2.8):(1.749777,3.320642,-3.579449):(0.0,0.0)
body:99:(-0.6,15.1,-6.4):(-0.617751,15.493923,-7.290560):(0.0,0.0)
r_breast:29:(3.0,1.3,-3.2):(3.477512,1.626386,-4.031273):(0.0,0.0)
r_breast:17:(4.1,-0.5,-2.7):(4.832203,-0.545501,-3.393551):(0.0,0.0)
body:98:(-8.5,15.7,-4.5):(-9.445054,16.117374,-4.404401):(0.0,0.0)
r_breast:23:(-3.7,1.3,-1.8):(-4.483250,1.665040,-2.309649):(0.0,0.0)
r_breast:6:(-4.4,-0.5,0.3):(-5.423798,-0.500932,0.156470):(0.0,0.0)
body:95:(-8.7,12.5,-2.9):(-9.660957,12.490763,-2.736500):(0.0,0.0)
r_breast:7:(-3.8,-2.7,0.2):(-4.610913,-3.376667,0.077981):(0.0,0.0)
body:100:(-8.1,10.3,-3.0):(-9.062804,9.989766,-2.849568):(0.0,0.0)
body:94:(-7.7,9.0,-3.7):(-8.572426,8.719817,-3.978571):(0.0,0.0)
r_breast:10:(-2.2,-3.9,-0.3):(-2.651018,-4.795964,-0.360962):(0.0,0.0)
body:93:(-4.8,8.3,-5.8):(-5.126707,8.105128,-6.663929):(0.0,0.0)
r_breast:13:(-0.3,-4.3,-2.4):(-0.501933,-5.196053,-2.826865):(0.0,0.0)
body:91:(-2.0,8.7,-6.1):(-2.009520,8.492051,-7.027453):(0.0,0.0)
r_breast:21:(1.6,-3.8,-2.8):(1.942837,-4.492953,-3.352992):(0.0,0.0)
r_breast:18:(3.8,-2.7,-2.0):(4.517390,-3.187515,-2.565696):(0.0,0.0)
body:104:(0.6,15.1,-6.4):(0.617751,15.493923,-7.290560):(0.0,0.0)
l_breast:17:(-4.1,-0.5,-2.7):(-4.832203,-0.545501,-3.393551):(0.0,0.0)
l_breast:18:(-3.8,-2.7,-2.0):(-4.517390,-3.187515,-2.565696):(0.0,0.0)
body:102:(2.0,8.7,-6.1):(2.009520,8.492051,-7.027453):(0.0,0.0)
body:101:(4.5,4.0,-5.0):(4.873500,3.730903,-5.824808):(0.0,0.0)
body:106:(7.5,4.0,0.0):(8.443258,3.768497,0.047315):(0.0,0.0)
waist:48:(7.0,-3.0,0.0):(7.914792,-2.671135,0.044988):(0.0,0.0)
l_arm1:5:(-1.0,-3.0,-2.5):(-1.364588,-2.960278,-3.430322):(0.0,0.0)
body:105:(8.5,15.0,-1.0):(9.463959,14.886504,-0.950095):(0.0,0.0)
body:110:(9.0,18.5,-2.0):(9.820236,18.604160,-2.466785):(0.0,0.0)
l_arm1:9:(-2.0,-4.0,0.0):(-2.999955,-4.009483,0.000000):(0.0,0.0)
l_arm1:13:(-1.0,-3.0,2.5):(-1.364588,-2.960278,3.430321):(0.0,0.0)
body:109:(8.5,15.0,3.0):(9.253863,14.737286,3.613107):(0.0,0.0)
body:111:(9.0,17.5,4.0):(9.667886,17.335426,4.747372):(0.0,0.0)
l_arm1:11:(1.8,-0.0,2.0):(2.490121,0.134413,2.711102):(0.0,0.0)
body:113:(8.5,22.5,4.0):(9.053529,23.190966,4.477180):(0.0,0.0)
l_arm1:0:(3.0,1.0,0.0):(3.980580,1.196116,0.000000):(1.0,0.0)
l_arm1:3:(1.8,-0.0,-2.0):(2.490121,0.134414,-2.711102):(1.0,1.0)
body:112:(8.5,22.5,0.0):(9.124969,23.166573,-0.306829):(0.0,0.0)
body:166:(4.6,18.0,-5.3):(4.611875,18.433765,-6.170586):(0.0,0.0)
l_breast:25:(2.3,2.8,-2.1):(2.712632,3.340148,-2.770143):(0.0,0.0)
l_breast:27:(0.3,3.3,-2.4):(0.471190,3.942954,-3.172250):(0.0,0.0)
body:167:(6.9,17.4,-4.8):(7.435099,17.908043,-5.407218):(0.0,0.0)
body:103:(2.0,17.2,-5.5):(2.002084,17.646151,-6.366013):(0.0,0.0)
l_breast:31:(-1.6,2.8,-2.8):(-1.772606,3.340148,-3.561012):(0.0,0.0)
l_breast:29:(-3.0,1.3,-3.2):(-3.492372,1.638922,-4.017841):(0.0,0.0)
body:168:(8.5,15.7,-4.5):(9.445054,16.117374,-4.404401):(0.0,0.0)
l_breast:23:(3.7,1.3,-1.8):(4.483250,1.665040,-2.309649):(0.0,0.0)
l_breast:6:(4.4,-0.5,0.3):(5.423798,-0.500932,0.156470):(0.0,0.0)
body:165:(8.7,12.5,-2.9):(9.660957,12.490763,-2.736500):(0.0,0.0)
l_breast:7:(3.8,-2.7,0.2):(4.610913,-3.376667,0.077982):(0.0,0.0)
body:169:(8.1,10.3,-3.0):(9.062804,9.989766,-2.849568):(0.0,0.0)
body:164:(7.7,9.0,-3.7):(8.572426,8.719817,-3.978571):(0.0,0.0)
l_breast:10:(2.2,-3.9,-0.3):(2.651018,-4.795964,-0.360962):(0.0,0.0)
body:163:(4.8,8.3,-5.8):(5.126707,8.105128,-6.663929):(0.0,0.0)
l_breast:13:(0.3,-4.3,-2.4):(0.501933,-5.196053,-2.826865):(0.0,0.0)
l_breast:21:(-1.6,-3.8,-2.8):(-1.919745,-4.477080,-3.384746):(0.0,0.0)
Material:
(255,255,255,255)::
(255,225,200,255)::
FaceArray:
0,4,3:0
5,2,1:0
2,5,6:0
7,8,3:0
3,4,7:0
7,5,8:0
6,5,7:0
9,10,11:1
10,12,11:1
10,13,12:1
10,14,13:1
14,15,13:1
15,16,13:1
15,17,16:1
17,18,16:1
19,20,18:1
18,17,19:1
19,11,20:1
19,9,11:1
21,22,23:0
24,23,22:0
23,25,21:0
21,25,26:0
26,25,27:0
26,27,28:0
28,27,29:0
30,24,22:0
22,31,30:0
31,32,30:0
32,33,30:0
33,32,34:0
34,35,33:0
35,34,36:0
34,37,36:0
37,38,36:0
37,39,38:0
39,40,38:0
39,41,40:0
41,42,40:0
27,43,29:0
29,43,44:0
29,44,42:0
44,45,42:0
42,45,40:0
45,46,40:0
3,47,0:0
47,48,49:0
49,0,47:0
48,1,49:0
49,1,2:0
50,51,52:1
50,53,51:1
53,54,51:1
54,55,51:1
54,56,55:1
54,57,56:1
57,58,56:1
57,59,58:1
59,60,61:1
61,58,59:1
60,50,61:1
50,52,61:1
62,63,64:0
63,62,65:0
64,66,62:0
67,66,64:0
43,66,67:0
68,43,67:0
44,43,68:0
63,65,69:0
69,70,63:0
69,71,70:0
69,72,71:0
73,71,72:0
72,74,73:0
75,73,74:0
75,76,73:0
75,77,76:0
77,78,76:0
77,46,78:0
46,79,78:0
46,45,79:0
</>

<datasuit2_vp>
waist:serio.datasuit2
DynamicVisual:
waist:7:(-1.0,-19.5,0.0):(-1.578393,-20.292530,0.002160):(0.0,0.0)
r_leg1:1:(2.5,-8.0,0.0):(3.497313,-8.028201,0.067619):(0.5,0.0)
r_leg1:2:(1.0,-8.0,-5.0):(1.581548,-8.072422,-5.810283):(0.5,1.0)
waist:28:(-2.5,-15.5,-5.0):(-2.828183,-16.005892,-5.735009):(0.0,0.0)
r_leg1:19:(-3.0,-1.0,-5.0):(-3.606678,-1.000000,-5.794949):(0.0,0.0)
waist:27:(-7.0,-10.0,-4.5):(-7.592668,-9.870440,-5.222129):(0.0,0.0)
r_leg1:18:(-6.5,-1.5,0.0):(-7.500000,-1.500000,0.000000):(0.0,0.0)
waist:29:(-9.0,-9.0,0.0):(-9.927979,-8.783856,0.240612):(0.0,0.0)
r_leg1:5:(1.5,-8.0,5.0):(2.133574,-8.024368,5.773298):(0.0,0.0)
waist:35:(-0.5,-20.0,5.5):(0.265107,-20.491314,6.016381):(0.0,0.0)
waist:36:(-8.5,-16.0,3.5):(-9.386593,-16.080429,3.942546):(0.0,0.0)
r_leg1:4:(-3.0,-8.0,5.0):(-3.606592,-8.011662,5.794928):(0.0,0.0)
waist:34:(-6.5,-19.5,5.5):(-6.780624,-20.012056,6.350893):(0.0,0.0)
l_leg1:2:(-1.0,-8.0,-5.0):(-1.581548,-8.072422,-5.810283):(0.5,1.0)
l_leg1:1:(-2.5,-8.0,0.0):(-3.497313,-8.028201,0.067619):(0.5,0.0)
waist:0:(1.0,-19.5,0.0):(1.578393,-20.292530,0.002160):(1.0,0.0)
waist:50:(2.5,-15.5,-5.0):(2.828183,-16.005892,-5.735009):(0.0,0.0)
l_leg1:19:(3.0,-1.0,-5.0):(3.606678,-1.000000,-5.794949):(0.0,0.0)
waist:49:(7.0,-10.0,-4.5):(7.592668,-9.870440,-5.222129):(0.0,0.0)
l_leg1:18:(6.5,-1.5,0.0):(7.500000,-1.500000,0.000000):(0.0,0.0)
waist:51:(9.0,-9.0,0.0):(9.927979,-8.783856,0.240612):(0.0,0.0)
waist:20:(0.5,-20.0,5.5):(-0.265107,-20.491314,6.016381):(0.0,0.0)
l_leg1:5:(-1.5,-8.0,5.0):(-2.133574,-8.024368,5.773298):(0.0,0.0)
waist:57:(8.5,-16.0,3.5):(9.386593,-16.080429,3.942546):(0.0,0.0)
waist:56:(6.5,-19.5,5.5):(6.780624,-20.012056,6.350893):(0.0,0.0)
l_leg1:4:(3.0,-8.0,5.0):(3.606592,-8.011662,5.794928):(0.0,0.0)
Material:
(255,255,255,255)::
(255,225,200,255)::
FaceArray:
0,1,2:1
2,3,0:1
4,3,2:1
5,3,4:1
4,6,5:1
6,7,5:1
8,0,9:1
1,0,8:1
7,6,10:1
11,8,12:1
8,9,12:1
6,12,10:1
6,11,12:1
13,14,15:1
15,16,13:1
13,16,17:1
17,16,18:1
18,19,17:1
18,20,19:1
21,15,22:1
22,15,14:1
23,19,20:1
24,22,25:1
24,21,22:1
23,24,19:1
24,25,19:1
</>

<gauntlets_vp>
l_arm1:serio.l_gauntlet1
l_arm2:serio.l_gauntlet2
l_hand:serio.l_gauntlet3
r_arm1:serio.r_gauntlet1
r_arm2:serio.r_gauntlet2
r_hand:serio.r_gauntlet3
DynamicVisual:
l_arm2:1:(1.5,-2.2,-2.0):(2.007889,-2.108231,-2.856521):(0.5,0.0)
l_arm1:18:(-0.7,-17.5,-2.0):(-1.225110,-17.540945,-2.850049):(0.0,0.0)
l_arm1:17:(1.7,-17.5,-2.0):(2.375406,-17.530640,-2.736810):(0.0,0.0)
l_arm2:0:(2.5,-0.5,0.0):(3.496610,-0.429744,0.042821):(1.0,0.0)
l_arm1:16:(2.9,-17.5,0.0):(3.899923,-17.512497,0.000000):(0.0,0.0)
l_arm2:4:(1.0,0.5,2.0):(1.459424,0.541766,2.887235):(0.0,0.0)
l_arm1:20:(1.7,-17.5,2.0):(2.375406,-17.530636,2.736810):(0.0,0.0)
l_arm2:5:(-1.0,0.5,2.0):(-1.459424,0.541766,2.887235):(0.0,0.0)
l_arm1:21:(-0.7,-17.5,2.0):(-1.225110,-17.540941,2.850049):(0.0,0.0)
l_arm2:3:(-2.5,-0.5,0.0):(-3.496609,-0.429744,0.042821):(1.0,1.0)
l_arm1:19:(-1.7,-17.5,0.0):(-2.699047,-17.543650,0.000000):(0.0,0.0)
l_arm2:2:(-1.5,-2.2,-2.0):(-2.007889,-2.108231,-2.856521):(0.5,1.0)
r_arm1:17:(-1.7,-17.5,-2.0):(-2.375406,-17.530640,-2.736810):(0.0,0.0)
r_arm1:18:(0.7,-17.5,-2.0):(1.225110,-17.540945,-2.850049):(0.0,0.0)
r_arm2:1:(-1.5,-2.2,-2.0):(-2.007889,-2.108231,-2.856521):(0.5,0.0)
r_arm2:0:(-2.5,-0.5,0.0):(-3.496609,-0.429744,0.042821):(1.0,0.0)
r_arm1:16:(-2.9,-17.5,0.0):(-3.899923,-17.512497,0.000000):(0.0,0.0)
r_arm2:4:(-1.0,0.5,2.0):(-1.459424,0.541766,2.887235):(0.0,0.0)
r_arm1:20:(-1.7,-17.5,2.0):(-2.375406,-17.530636,2.736810):(0.0,0.0)
r_arm2:5:(1.0,0.5,2.0):(1.459424,0.541766,2.887235):(0.0,0.0)
r_arm1:21:(0.7,-17.5,2.0):(1.225110,-17.540941,2.850049):(0.0,0.0)
r_arm2:3:(2.5,-0.5,0.0):(3.496609,-0.429744,0.042821):(1.0,1.0)
r_arm1:19:(1.7,-17.5,0.0):(2.699047,-17.543650,0.000000):(0.0,0.0)
r_arm2:2:(1.5,-2.2,-2.0):(2.007889,-2.108231,-2.856521):(0.5,1.0)
l_arm2:15:(-1.5,-17.0,0.0):(-2.496372,-17.085054,0.002930):(0.0,0.0)
l_hand:3:(-1.3,-1.5,-1.9):(-1.712043,-1.274431,-2.773237):(0.0,0.0)
l_hand:2:(-1.3,-1.5,1.9):(-1.822109,-1.665472,2.703516):(0.0,0.0)
l_arm2:14:(-1.0,-17.0,-1.3):(-1.564051,-17.091887,-2.120612):(0.0,0.0)
l_hand:0:(1.2,-1.0,-1.9):(1.505838,-0.931104,-2.807517):(0.0,0.0)
l_arm2:13:(1.0,-17.0,-1.3):(1.564051,-17.091887,-2.120612):(0.0,0.0)
l_arm2:12:(1.5,-17.0,0.0):(2.496373,-17.085054,0.002930):(0.0,0.0)
l_hand:1:(1.2,-1.0,1.9):(1.870189,-0.977472,2.576452):(0.0,0.0)
l_arm2:16:(1.0,-17.0,1.5):(1.583572,-17.058065,2.309983):(0.0,0.0)
l_arm2:17:(-1.0,-17.0,1.5):(-1.583572,-17.058065,2.309983):(0.0,0.0)
r_hand:2:(1.3,-1.5,1.9):(1.827233,-1.658497,2.701661):(0.0,0.0)
r_hand:3:(1.3,-1.5,-1.9):(1.702502,-1.263461,-2.775663):(0.0,0.0)
r_arm2:15:(1.5,-17.0,0.0):(2.496372,-17.085054,0.002930):(0.0,0.0)
r_arm2:14:(1.0,-17.0,-1.3):(1.564051,-17.091887,-2.120612):(0.0,0.0)
r_hand:0:(-1.2,-1.0,-1.9):(-1.505838,-0.931103,-2.807517):(0.0,0.0)
r_arm2:13:(-1.0,-17.0,-1.3):(-1.564051,-17.091887,-2.120612):(0.0,0.0)
r_arm2:12:(-1.5,-17.0,0.0):(-2.496373,-17.085054,0.002930):(0.0,0.0)
r_hand:1:(-1.2,-1.0,1.9):(-1.870188,-0.977472,2.576452):(0.0,0.0)
r_arm2:16:(-1.0,-17.0,1.5):(-1.583572,-17.058065,2.309983):(0.0,0.0)
r_arm2:17:(1.0,-17.0,1.5):(1.583572,-17.058065,2.309983):(0.0,0.0)
Material:
(255,255,255,255)::
(255,225,200,255)::
FaceArray:
0,1,2:0
0,2,3:0
3,2,4:0
5,3,4:0
4,6,5:0
5,6,7:0
7,6,8:0
8,9,7:0
8,10,9:0
9,10,11:0
11,10,1:0
1,0,11:0
12,13,14:0
15,12,14:0
16,12,15:0
16,15,17:0
17,18,16:0
19,18,17:0
20,18,19:0
19,21,20:0
21,22,20:0
23,22,21:0
13,22,23:0
23,14,13:0
24,25,26:0
24,27,25:0
27,28,25:0
27,29,28:0
29,30,28:0
30,31,28:0
30,32,31:0
32,33,31:0
33,26,31:0
33,24,26:0
34,35,36:0
35,37,36:0
35,38,37:0
38,39,37:0
38,40,39:0
38,41,40:0
41,42,40:0
41,43,42:0
41,34,43:0
34,36,43:0
</>

<boots_vp>
l_leg1:serio.l_boot1
l_leg2:serio.l_boot2
l_foot:serio.l_boot3
r_leg1:serio.r_boot1
r_leg2:serio.r_boot2
r_foot:serio.r_boot3
DynamicVisual:
l_leg1:26:(0.0,-35.0,-1.5):(-0.487187,-35.140530,-2.361917):(0.0,0.0)
l_leg1:27:(2.5,-35.0,-1.5):(2.987186,-35.140530,-2.361918):(0.0,0.0)
l_leg2:2:(-1.5,-1.0,-3.0):(-1.930170,-1.148411,-3.890466):(0.5,1.0)
l_leg2:3:(1.0,-1.0,-3.0):(1.430171,-1.148411,-3.890466):(1.0,1.0)
l_leg1:24:(4.5,-33.5,1.5):(5.482428,-33.591042,1.337055):(0.0,0.0)
l_leg2:0:(3.0,-4.0,0.0):(3.954600,-4.040752,-0.295099):(1.0,0.0)
l_leg2:10:(1.0,-6.0,3.5):(1.674780,-5.931829,4.234865):(0.0,0.0)
l_leg1:28:(2.5,-31.0,4.5):(3.095111,-31.044964,5.302385):(0.0,0.0)
l_leg2:11:(-1.5,-6.0,3.5):(-2.174778,-5.931829,4.234865):(0.0,0.0)
l_leg1:29:(0.0,-31.0,4.5):(-0.696728,-31.058783,5.214924):(0.0,0.0)
l_leg1:25:(-2.0,-33.5,1.5):(-2.991587,-33.547077,1.379422):(0.0,0.0)
l_leg2:1:(-3.5,-4.0,0.0):(-4.454597,-4.040752,-0.295099):(0.5,0.0)
l_leg2:16:(-1.5,-35.0,-1.5):(-2.025583,-35.035431,-2.350006):(0.0,0.0)
l_leg2:17:(0.5,-35.0,-1.5):(1.025212,-35.046360,-2.349710):(0.0,0.0)
l_foot:21:(-1.0,-1.0,-4.0):(-1.422849,-0.147088,-4.306159):(0.0,0.0)
l_foot:20:(1.5,-1.0,-4.0):(1.953407,-0.176517,-4.341019):(0.0,0.0)
l_foot:4:(2.5,-2.0,-2.0):(3.478002,-1.794756,-2.037317):(0.0,0.0)
l_leg2:14:(1.5,-35.0,0.5):(2.491973,-35.062275,0.389909):(0.0,0.0)
l_foot:12:(2.5,-2.0,1.0):(3.456414,-1.958699,1.289085):(0.0,0.0)
l_leg2:18:(0.5,-35.0,3.0):(1.058245,-35.113132,3.821930):(0.0,0.0)
l_foot:16:(1.5,-2.0,2.5):(1.969799,-1.875154,3.373903):(0.0,0.0)
l_leg2:19:(-1.5,-35.0,3.0):(-2.059644,-35.096844,3.823057):(0.0,0.0)
l_foot:18:(-1.0,-2.0,2.5):(-1.469800,-1.875154,3.373903):(0.0,0.0)
l_foot:14:(-2.0,-2.0,1.0):(-2.956415,-1.958699,1.289085):(0.0,0.0)
l_leg2:15:(-2.5,-35.0,0.5):(-3.493877,-35.039314,0.396722):(0.0,0.0)
l_foot:10:(-2.0,-2.0,-2.0):(-2.972774,-1.768670,-1.985776):(0.0,0.0)
r_leg2:2:(1.5,-1.0,-3.0):(1.930170,-1.148411,-3.890466):(0.5,1.0)
r_leg1:27:(-2.5,-35.0,-1.5):(-2.987186,-35.140530,-2.361918):(0.0,0.0)
r_leg1:26:(-0.0,-35.0,-1.5):(0.487187,-35.140530,-2.361917):(0.0,0.0)
r_leg2:3:(-1.0,-1.0,-3.0):(-1.430171,-1.148411,-3.890466):(1.0,1.0)
r_leg1:24:(-4.5,-33.5,1.5):(-5.482428,-33.591042,1.337055):(0.5,1.0)
r_leg2:0:(-3.0,-4.0,0.0):(-3.954599,-4.040752,-0.295099):(1.0,0.0)
r_leg2:10:(-1.0,-6.0,3.5):(-1.674780,-5.931829,4.234865):(0.0,0.0)
r_leg1:28:(-2.5,-31.0,4.5):(-3.095111,-31.044964,5.302385):(0.0,0.0)
r_leg2:11:(1.5,-6.0,3.5):(2.174778,-5.931829,4.234865):(0.0,0.0)
r_leg1:29:(-0.0,-31.0,4.5):(0.696728,-31.058783,5.214924):(0.0,0.0)
r_leg1:25:(2.0,-33.5,1.5):(2.991587,-33.547077,1.379422):(1.0,1.0)
r_leg2:1:(3.5,-4.0,0.0):(4.454597,-4.040752,-0.295099):(0.5,0.0)
r_foot:21:(1.0,-1.0,-4.0):(1.422849,-0.147088,-4.306159):(0.0,0.0)
r_leg2:17:(-0.5,-35.0,-1.5):(-1.025213,-35.046360,-2.349710):(0.0,0.0)
r_leg2:16:(1.5,-35.0,-1.5):(2.025583,-35.035431,-2.350006):(0.0,0.0)
r_foot:20:(-1.5,-1.0,-4.0):(-1.953407,-0.176517,-4.341019):(0.0,0.0)
r_foot:4:(-2.5,-2.0,-2.0):(-3.478002,-1.794756,-2.037317):(0.0,0.0)
r_leg2:14:(-1.5,-35.0,0.5):(-2.491972,-35.062275,0.389909):(0.0,0.0)
r_foot:12:(-2.5,-2.0,1.0):(-3.456415,-1.958699,1.289085):(0.0,0.0)
r_leg2:18:(-0.5,-35.0,3.0):(-1.058246,-35.113132,3.821930):(0.0,0.0)
r_foot:16:(-1.5,-2.0,2.5):(-1.969799,-1.875154,3.373903):(0.0,0.0)
r_leg2:19:(1.5,-35.0,3.0):(2.059644,-35.096844,3.823057):(0.0,0.0)
r_foot:18:(1.0,-2.0,2.5):(1.469799,-1.875154,3.373903):(0.0,0.0)
r_foot:14:(2.0,-2.0,1.0):(2.956415,-1.958699,1.289085):(0.0,0.0)
r_leg2:15:(2.5,-35.0,0.5):(3.493877,-35.039314,0.396722):(0.0,0.0)
r_foot:10:(2.0,-2.0,-2.0):(2.972774,-1.768670,-1.985776):(0.0,0.0)
Material:
(255,255,255,255)::
(255,225,200,255)::
FaceArray:
0,1,2:0
2,1,3:0
1,4,3:0
3,4,5:0
4,6,5:0
4,7,6:0
7,8,6:0
8,7,9:0
9,10,8:0
8,10,11:0
2,10,0:0
2,11,10:0
12,13,14:0
13,15,14:0
13,16,15:0
13,17,16:0
17,18,16:0
17,19,18:0
19,20,18:0
19,21,20:0
21,22,20:0
21,23,22:0
21,24,23:0
24,12,25:0
24,25,23:0
12,14,25:0
26,27,28:0
29,27,26:0
29,30,27:0
31,30,29:0
31,32,30:0
32,33,30:0
32,34,33:0
35,33,34:0
34,36,35:0
37,36,34:0
28,36,26:0
36,37,26:0
38,39,40:0
38,41,39:0
41,42,39:0
42,43,39:0
42,44,43:0
44,45,43:0
44,46,45:0
46,47,45:0
46,48,47:0
48,49,47:0
49,50,47:0
51,40,50:0
49,51,50:0
51,38,40:0
</>

<blazer_vp>
body:serio.blazer
l_breast:serio.blazer_lb
r_breast:serio.blazer_rb
l_arm1:serio.l_blazer1
l_arm2:serio.l_blazer2
r_arm1:serio.r_blazer1
r_arm2:serio.r_blazer2
DynamicVisual:
body:27:(-4.5,4.0,-5.0):(-4.963130,4.000000,-5.820295):(0.5,0.0)
body:17:(4.5,4.0,-5.0):(4.963130,4.000000,-5.820295):(0.0,0.0)
waist:4:(-4.5,-3.0,-5.0):(-5.039868,-2.747690,-5.732451):(0.0,0.0)
waist:1:(4.5,-3.0,-5.0):(5.039868,-2.747690,-5.732451):(0.5,0.0)
body:13:(4.5,4.0,4.5):(4.942286,4.000000,5.431579):(0.0,0.0)
waist:0:(4.5,-3.0,4.5):(4.695519,-2.694681,5.475169):(1.0,0.0)
body:23:(-4.5,4.0,4.5):(-4.942286,4.000000,5.431579):(0.0,0.0)
waist:3:(-4.5,-3.0,4.5):(-4.695519,-2.694681,5.475169):(1.0,1.0)
body:102:(-8.5,22.5,4.0):(-9.376974,22.883875,4.225441):(0.0,0.0)
body:101:(-8.5,22.5,0.0):(-9.392240,22.856241,-0.102916):(0.0,0.0)
r_arm1:0:(-2.5,1.5,0.0):(-3.394427,1.947214,0.000000):(1.0,0.0)
r_arm1:7:(-2.0,0.0,-2.5):(-2.703635,0.294372,-3.146717):(0.0,0.0)
body:99:(-9.0,18.5,-2.0):(-9.934078,18.625862,-2.185737):(0.0,0.0)
r_arm1:2:(1.0,-3.0,-3.5):(1.393135,-2.896634,-4.413651):(0.5,1.0)
body:90:(-8.5,14.5,-1.0):(-9.453474,14.437007,-0.777941):(0.0,0.0)
r_arm1:9:(2.0,-4.0,0.0):(2.999908,-4.013549,0.000000):(0.0,0.0)
body:98:(-8.5,14.5,3.0):(-9.430702,14.314220,3.258097):(0.0,0.0)
r_arm1:12:(1.0,-3.0,3.5):(1.393135,-2.896634,4.413651):(0.0,0.0)
body:100:(-9.0,17.5,5.0):(-9.928020,17.409714,5.323505):(0.0,0.0)
r_arm1:15:(-2.0,0.0,2.5):(-2.703635,0.294372,3.146717):(0.0,0.0)
r_arm2:0:(-1.5,-2.0,-2.8):(-2.159332,-2.039001,-3.550840):(1.0,0.0)
r_arm1:3:(-1.8,-16.0,-3.0):(-2.464286,-16.042356,-3.746277):(1.0,1.0)
r_arm1:4:(0.8,-16.0,-3.0):(1.552279,-16.025511,-3.658350):(0.0,0.0)
r_arm2:1:(1.5,-2.0,-2.8):(2.159332,-2.039001,-3.550840):(0.5,0.0)
r_arm2:14:(3.0,-0.5,-0.0):(3.989214,-0.470842,0.143540):(0.0,0.0)
r_arm1:10:(2.0,-16.0,0.0):(3.000000,-16.000000,0.000000):(0.0,0.0)
r_arm2:10:(1.5,0.5,2.5):(2.003157,0.545742,3.362983):(0.0,0.0)
r_arm1:14:(0.8,-16.0,3.0):(1.552279,-16.025511,3.658350):(0.0,0.0)
r_arm2:6:(-1.5,0.5,2.5):(-2.003157,0.545742,3.362983):(0.0,0.0)
r_arm1:13:(-1.8,-16.0,3.0):(-2.464286,-16.042356,3.746277):(0.0,0.0)
r_arm1:6:(-3.4,-16.0,0.0):(-4.398937,-16.046104,0.000000):(0.0,0.0)
r_arm2:5:(-3.0,-0.5,-0.0):(-3.989214,-0.470842,0.143540):(0.0,0.0)
body:91:(-7.5,4.0,0.0):(-8.470144,4.000000,0.073694):(0.0,0.0)
waist:37:(-7.0,-3.0,0.0):(-7.898966,-2.671797,0.223396):(0.0,0.0)
r_breast:25:(1.6,2.8,-1.8):(1.682363,3.336847,-2.579664):(0.0,0.0)
body:21:(-0.5,15.1,-6.8):(-0.493654,15.443165,-7.689086):(0.0,0.0)
r_breast:23:(3.0,1.0,-3.0):(3.020792,1.400507,-3.941777):(0.0,0.0)
body:105:(-1.8,17.0,-6.0):(-1.859712,17.446516,-6.866130):(0.0,0.0)
body:92:(-5.0,18.0,-5.5):(-5.074496,18.436167,-6.343925):(0.0,0.0)
r_breast:21:(-0.3,3.3,-1.4):(-0.471190,3.942954,-2.172250):(0.0,0.0)
r_breast:19:(-2.3,2.8,-1.1):(-2.712632,3.340148,-1.770143):(0.0,0.0)
body:95:(-8.3,16.5,-4.7):(-9.017562,16.861584,-5.256610):(0.0,0.0)
r_breast:17:(-3.7,1.3,-0.8):(-4.483250,1.665040,-1.309649):(0.0,0.0)
r_breast:6:(-4.4,-0.5,1.3):(-5.423798,-0.500932,1.156470):(0.0,0.0)
body:112:(-9.0,14.0,-3.0):(-9.970141,13.983314,-2.933235):(0.0,0.0)
body:97:(-8.5,10.5,-3.0):(-9.445099,10.356561,-2.778552):(0.0,0.0)
r_breast:7:(-3.8,-2.7,1.2):(-4.800294,-2.998882,1.067775):(0.0,0.0)
body:96:(-7.9,7.5,-3.4):(-8.803990,7.446825,-3.704543):(0.0,0.0)
r_breast:8:(-3.7,-2.5,-0.8):(-4.506195,-2.890049,-1.248185):(0.0,0.0)
body:89:(-5.5,6.0,-6.0):(-5.808860,5.955145,-6.890017):(0.0,0.0)
r_breast:10:(-1.7,-2.8,-2.8):(-2.193745,-3.263557,-3.631373):(0.0,0.0)
r_breast:11:(-0.6,-3.1,-3.0):(-0.784736,-3.537189,-3.950459):(0.0,0.0)
body:20:(-2.0,5.8,-6.2):(-1.999852,5.761649,-7.148926):(0.0,0.0)
r_breast:16:(0.5,-2.8,-3.2):(0.543468,-3.166560,-4.183997):(0.0,0.0)
r_breast:14:(3.0,-2.5,-3.0):(3.131738,-2.724257,-3.979902):(0.0,0.0)
body:19:(0.5,15.1,-6.8):(0.493654,15.443165,-7.689086):(0.0,0.0)
l_breast:23:(-3.0,1.0,-3.0):(-3.020792,1.400506,-3.941777):(0.0,0.0)
r_breast:13:(3.5,-0.8,-3.2):(3.631962,-0.775002,-4.187948):(0.0,0.0)
l_breast:13:(-3.5,-0.8,-3.2):(-3.631961,-0.775002,-4.187949):(0.0,0.0)
l_breast:14:(-3.0,-2.5,-3.0):(-3.131738,-2.724257,-3.979902):(0.0,0.0)
body:18:(2.0,5.8,-6.2):(1.999852,5.761649,-7.148926):(0.0,0.0)
l_arm1:0:(2.5,1.5,0.0):(3.394427,1.947214,0.000000):(1.0,0.0)
body:229:(8.5,22.5,0.0):(9.392240,22.856241,-0.102916):(0.0,0.0)
body:230:(8.5,22.5,4.0):(9.376974,22.883875,4.225441):(0.0,0.0)
l_arm1:7:(2.0,0.0,-2.5):(2.703635,0.294372,-3.146717):(0.0,0.0)
body:227:(9.0,18.5,-2.0):(9.934078,18.625862,-2.185737):(0.0,0.0)
l_arm1:2:(-1.0,-3.0,-3.5):(-1.393135,-2.896634,-4.413651):(0.5,1.0)
body:218:(8.5,14.5,-1.0):(9.453474,14.437007,-0.777941):(0.0,0.0)
l_arm1:9:(-2.0,-4.0,0.0):(-2.999908,-4.013549,0.000000):(0.0,0.0)
body:226:(8.5,14.5,3.0):(9.430702,14.314220,3.258097):(0.0,0.0)
l_arm1:12:(-1.0,-3.0,3.5):(-1.393135,-2.896634,4.413651):(0.0,0.0)
body:228:(9.0,17.5,5.0):(9.928020,17.409714,5.323505):(0.0,0.0)
l_arm1:15:(2.0,0.0,2.5):(2.703635,0.294372,3.146717):(0.0,0.0)
l_arm1:4:(-0.8,-16.0,-3.0):(-1.552279,-16.025511,-3.658350):(0.0,0.0)
l_arm1:3:(1.8,-16.0,-3.0):(2.464285,-16.042356,-3.746277):(1.0,1.0)
l_arm2:0:(1.5,-2.0,-2.8):(2.159332,-2.039001,-3.550840):(1.0,0.0)
l_arm2:1:(-1.5,-2.0,-2.8):(-2.159332,-2.039001,-3.550840):(0.5,0.0)
l_arm2:14:(-3.0,-0.5,-0.0):(-3.989215,-0.470842,0.143540):(0.0,0.0)
l_arm1:10:(-2.0,-16.0,0.0):(-3.000000,-16.000000,0.000000):(0.0,0.0)
l_arm2:10:(-1.5,0.5,2.5):(-2.003158,0.545742,3.362983):(0.0,0.0)
l_arm1:14:(-0.8,-16.0,3.0):(-1.552279,-16.025511,3.658350):(0.0,0.0)
l_arm2:6:(1.5,0.5,2.5):(2.003158,0.545742,3.362983):(0.0,0.0)
l_arm1:13:(1.8,-16.0,3.0):(2.464285,-16.042356,3.746277):(0.0,0.0)
l_arm1:6:(3.4,-16.0,0.0):(4.398937,-16.046104,0.000000):(0.0,0.0)
l_arm2:5:(3.0,-0.5,-0.0):(3.989215,-0.470842,0.143540):(0.0,0.0)
body:219:(7.5,4.0,0.0):(8.470144,4.000000,0.073694):(0.0,0.0)
waist:2:(7.0,-3.0,0.0):(7.898966,-2.671797,0.223396):(0.5,1.0)
l_breast:25:(-1.6,2.8,-1.8):(-1.682363,3.336847,-2.579664):(0.0,0.0)
body:233:(1.8,17.0,-6.0):(1.859712,17.446516,-6.866130):(0.0,0.0)
l_breast:21:(0.3,3.3,-1.4):(0.471189,3.942954,-2.172249):(0.0,0.0)
body:220:(5.0,18.0,-5.5):(5.074496,18.436167,-6.343925):(0.0,0.0)
l_breast:19:(2.3,2.8,-1.1):(2.712632,3.340148,-1.770143):(0.0,0.0)
body:223:(8.3,16.5,-4.7):(9.017562,16.861584,-5.256610):(0.0,0.0)
l_breast:17:(3.7,1.3,-0.8):(4.483250,1.665040,-1.309649):(0.0,0.0)
l_breast:6:(4.4,-0.5,1.3):(5.423798,-0.500932,1.156470):(0.0,0.0)
body:240:(9.0,14.0,-3.0):(9.970141,13.983314,-2.933235):(0.0,0.0)
body:225:(8.5,10.5,-3.0):(9.445099,10.356561,-2.778552):(0.0,0.0)
l_breast:7:(3.8,-2.7,1.2):(4.800294,-2.998882,1.067775):(0.0,0.0)
body:224:(7.9,7.5,-3.4):(8.803990,7.446825,-3.704543):(0.0,0.0)
l_breast:8:(3.7,-2.5,-0.8):(4.506195,-2.890050,-1.248185):(0.0,0.0)
body:217:(5.5,6.0,-6.0):(5.808860,5.955145,-6.890017):(0.0,0.0)
l_breast:10:(1.7,-2.8,-2.8):(2.193744,-3.263557,-3.631373):(0.0,0.0)
l_breast:11:(0.6,-3.1,-3.0):(0.784735,-3.537189,-3.950459):(0.0,0.0)
l_breast:16:(-0.5,-2.8,-3.2):(-0.543468,-3.166560,-4.183997):(0.0,0.0)
Material:
(255,255,255,255)::
(255,225,200,255)::
(200,200,127,255)::
FaceArray:
0,1,2:1
1,3,2:1
4,6,5:1
6,7,5:1
8,9,10:0
9,11,10:0
9,12,11:0
12,13,11:0
12,14,13:0
14,15,13:0
14,16,15:0
16,17,15:0
16,18,17:0
18,19,17:0
18,8,19:0
8,10,19:0
20,21,22:0
22,23,20:0
22,24,23:0
22,25,24:0
25,26,24:0
25,27,26:0
27,28,26:0
29,28,27:0
30,28,29:0
30,31,28:0
30,20,31:0
21,20,30:0
2,32,0:1
2,33,32:1
7,6,32:1
32,33,7:1
34,35,36:2
34,37,35:2
38,37,39:2
39,37,34:2
40,38,39:2
40,41,38:2
41,40,42:2
42,43,41:2
43,44,41:2
43,45,44:2
43,46,45:2
46,47,45:2
46,48,47:2
48,49,47:2
48,50,49:2
50,51,49:2
51,52,49:2
53,52,51:2
53,54,52:2
35,55,36:2
36,55,56:2
36,56,57:2
57,56,58:2
57,58,54:2
54,58,59:2
54,59,52:2
52,59,60:2
61,62,63:0
61,64,62:0
64,65,62:0
64,66,65:0
66,67,65:0
66,68,67:0
68,69,67:0
68,70,69:0
70,71,69:0
70,72,71:0
72,63,71:0
72,61,63:0
73,74,75:0
75,76,73:0
76,77,73:0
77,78,73:0
77,79,78:0
79,80,78:0
79,81,80:0
80,81,82:0
82,81,83:0
81,84,83:0
84,75,83:0
83,75,74:0
1,85,3:1
85,86,3:1
85,4,5:1
5,86,85:1
56,55,87:2
55,88,87:2
89,88,90:2
87,88,89:2
89,90,91:2
90,92,91:2
93,91,92:2
92,94,93:2
92,95,94:2
95,96,94:2
96,97,94:2
96,98,97:2
98,99,97:2
98,100,99:2
100,101,99:2
100,102,101:2
100,60,102:2
102,60,103:2
60,59,103:2
</>

<skirtC_vp>
waist:serio.skirtC
skirt_f:waist:(0.0,-12.0,-3.0):serio.skirtC_f
DynamicVisual:
waist:16:(-1.5,-7.0,-7.4):(-0.752143,-6.656129,-7.954924):(0.0,0.0)
waist:17:(-1.5,-7.0,-6.9):(-0.472504,-7.064382,-6.850096):(0.0,0.0)
skirt_f:1:(-2.0,-4.0,-6.9):(-1.262932,-3.988282,-7.556717):(0.5,0.0)
skirt_f:4:(-2.0,-4.0,-6.2):(-0.972644,-4.066520,-6.150096):(0.0,0.0)
waist:15:(-4.6,-7.0,-7.4):(-5.203346,-6.458961,-7.903893):(0.0,0.0)
skirt_f:0:(-6.4,-4.0,-6.9):(-7.069417,-3.860011,-7.551396):(1.0,0.0)
waist:25:(-4.6,-7.0,-6.9):(-5.530775,-6.721190,-6.850096):(0.0,0.0)
skirt_f:16:(-6.4,-4.0,-6.2):(-7.363692,-3.884120,-6.150096):(0.0,0.0)
waist:19:(-7.6,-7.5,-6.6):(-8.204873,-6.897615,-7.034463):(0.0,0.0)
waist:20:(-4.5,-7.0,-7.1):(-4.577238,-6.532549,-7.927638):(0.0,0.0)
skirt_f:8:(-10.3,-4.5,-5.3):(-11.049625,-4.297996,-5.843437):(0.0,0.0)
skirt_f:9:(-6.3,-4.0,-6.4):(-6.546888,-3.888205,-7.304597):(0.0,0.0)
waist:64:(-7.6,-7.5,-6.1):(-8.413124,-6.961612,-6.050097):(0.0,0.0)
skirt_f:18:(-10.3,-4.5,-4.6):(-11.247449,-4.286833,-4.550097):(0.0,0.0)
waist:21:(-9.6,-8.0,-3.4):(-10.367972,-7.409428,-3.227024):(0.0,0.0)
waist:22:(-7.5,-7.5,-6.3):(-8.167400,-6.906423,-6.652459):(0.0,0.0)
skirt_f:13:(-14.4,-10.0,-2.0):(-14.936589,-10.630674,-2.480870):(0.0,0.0)
skirt_f:12:(-10.2,-4.5,-4.8):(-10.884552,-4.295502,-5.419584):(0.0,0.0)
waist:26:(-9.1,-8.0,-3.4):(-9.070427,-8.168296,-2.364363):(0.0,0.0)
skirt_f:20:(-13.7,-10.0,-2.0):(-13.277337,-10.873143,-1.661831):(0.0,0.0)
waist:24:(-9.3,-8.0,-3.5):(-10.061040,-7.532380,-3.845402):(0.0,0.0)
skirt_f:15:(-13.9,-10.0,-2.1):(-14.485894,-9.507622,-2.665551):(0.0,0.0)
waist:54:(-16.7,-22.0,-0.1):(-17.450901,-21.682236,0.488316):(0.0,0.0)
waist:55:(-16.2,-22.0,-0.1):(-15.716732,-22.836998,0.255835):(0.0,0.0)
waist:9:(-5.0,-8.0,-6.0):(-4.970429,-9.000000,-5.950096):(0.0,0.0)
skirt_f:24:(-6.4,-4.0,-5.7):(-6.089233,-4.283170,-4.733177):(0.0,0.0)
waist:14:(-8.5,-8.0,0.0):(-7.824121,-8.636695,-0.370701):(0.0,0.0)
skirt_f:29:(2.0,-4.0,-6.9):(1.262932,-3.988282,-7.556717):(0.0,0.0)
waist:81:(1.5,-7.0,-6.9):(0.472504,-7.064382,-6.850096):(0.0,0.0)
waist:80:(1.5,-7.0,-7.4):(0.752143,-6.656129,-7.954924):(0.0,0.0)
skirt_f:32:(2.0,-4.0,-6.2):(0.972644,-4.066520,-6.150096):(0.0,0.0)
skirt_f:28:(6.4,-4.0,-6.9):(7.069417,-3.860011,-7.551396):(0.0,0.0)
waist:79:(4.6,-7.0,-7.4):(5.203346,-6.458961,-7.903893):(0.0,0.0)
skirt_f:41:(6.4,-4.0,-6.2):(7.363692,-3.884120,-6.150096):(0.0,0.0)
waist:88:(4.6,-7.0,-6.9):(5.530775,-6.721190,-6.850096):(0.0,0.0)
skirt_f:33:(10.3,-4.5,-5.3):(11.043053,-4.297574,-5.851830):(0.0,0.0)
waist:83:(4.5,-7.0,-7.1):(4.577238,-6.532549,-7.927638):(0.0,0.0)
waist:82:(7.6,-7.5,-6.6):(8.204873,-6.897615,-7.034463):(0.0,0.0)
skirt_f:34:(6.3,-4.0,-6.4):(6.526528,-3.890090,-7.310478):(0.0,0.0)
skirt_f:43:(10.3,-4.5,-4.6):(11.247449,-4.286833,-4.550097):(0.0,0.0)
waist:118:(7.6,-7.5,-6.1):(8.413124,-6.961612,-6.050097):(0.0,0.0)
skirt_f:38:(14.4,-10.0,-2.0):(14.936589,-10.630674,-2.480870):(0.0,0.0)
waist:85:(7.5,-7.5,-6.3):(8.167400,-6.906423,-6.652459):(0.0,0.0)
waist:84:(9.6,-8.0,-3.4):(10.367972,-7.409428,-3.227024):(0.0,0.0)
skirt_f:37:(10.2,-4.5,-4.8):(10.884552,-4.295502,-5.419584):(0.0,0.0)
skirt_f:45:(13.7,-10.0,-2.0):(13.277337,-10.873143,-1.661831):(0.0,0.0)
waist:89:(9.1,-8.0,-3.4):(9.070427,-8.168296,-2.364363):(0.0,0.0)
waist:108:(16.7,-22.0,-0.1):(17.450901,-21.682236,0.488316):(0.0,0.0)
skirt_f:40:(13.9,-10.0,-2.1):(14.485894,-9.507622,-2.665551):(0.0,0.0)
waist:87:(9.3,-8.0,-3.5):(10.061040,-7.532380,-3.845402):(0.0,0.0)
waist:109:(16.2,-22.0,-0.1):(15.716732,-22.836998,0.255835):(0.0,0.0)
skirt_f:25:(6.4,-4.0,-5.7):(6.089233,-4.283170,-4.733177):(0.0,0.0)
waist:8:(5.0,-8.0,-6.0):(4.970429,-9.000000,-5.950096):(0.0,0.0)
waist:78:(8.5,-8.0,0.0):(7.824121,-8.636695,-0.370701):(0.0,0.0)
waist:18:(-1.6,-7.0,-7.1):(-1.570430,-6.519167,-7.926908):(0.0,0.0)
waist:34:(1.6,-7.0,-7.1):(1.570430,-6.519167,-7.926908):(0.0,0.0)
skirt_f:6:(-2.1,-4.0,-6.4):(-2.070430,-3.916955,-7.346642):(0.0,0.0)
skirt_f:22:(2.1,-4.0,-6.4):(2.070430,-3.916955,-7.346642):(0.0,0.0)
Material:
(0,127,64,255)::
FaceArray:
0,1,2:0
1,3,2:0
4,0,5:0
0,2,5:0
6,4,7:0
4,5,7:0
8,9,10:0
9,11,10:0
12,8,13:0
8,10,13:0
14,15,16:0
15,17,16:0
18,14,19:0
14,16,19:0
20,21,22:0
23,22,21:0
23,21,19:0
24,19,25:0
19,24,26:0
26,23,19:0
27,28,29:0
27,30,28:0
31,29,32:0
31,27,29:0
33,32,34:0
33,31,32:0
35,36,37:0
35,38,36:0
39,37,40:0
39,35,37:0
41,42,43:0
41,44,42:0
45,43,46:0
45,41,43:0
47,48,49:0
48,47,50:0
45,48,50:0
51,45,52:0
53,52,45:0
45,50,53:0
54,55,56:0
55,57,56:0
52,24,25:0
52,25,51:0
</>

<shoesA_vp>
l_leg2:serio.l_shoea2
l_foot:serio.l_shoea
r_leg2:serio.r_shoea2
r_foot:serio.r_shoea
DynamicVisual:
r_leg2:9:(-0.9,-35.0,-2.0):(-1.446122,-35.043251,-2.836591):(0.0,0.0)
r_leg2:8:(1.8,-35.0,-2.0):(2.332410,-35.037586,-2.845653):(0.0,0.0)
r_foot:87:(-1.5,-0.5,-4.1):(-1.500002,0.499997,-4.100000):(0.0,0.0)
r_foot:89:(1.3,-0.5,-4.1):(1.300002,0.499997,-4.100000):(0.0,0.0)
r_foot:96:(-2.3,-0.5,-2.5):(-2.300001,0.499998,-2.500003):(0.0,0.0)
r_leg2:6:(-2.0,-35.0,0.5):(-2.997478,-35.050335,0.449912):(0.0,0.0)
r_foot:97:(-2.3,-0.5,1.2):(-2.300001,0.499998,1.199997):(0.0,0.0)
r_leg2:10:(-0.8,-35.0,3.6):(-1.363891,-35.085545,4.421408):(0.0,0.0)
r_foot:101:(-1.3,-0.5,2.9):(-1.300000,0.499998,2.899997):(0.0,0.0)
r_foot:100:(0.8,-0.5,2.9):(0.799999,0.499998,2.899997):(0.0,0.0)
r_leg2:11:(1.8,-35.0,3.6):(2.364698,-35.073071,4.422056):(0.0,0.0)
r_foot:99:(2.2,-0.5,1.2):(2.200001,0.499998,1.199997):(0.0,0.0)
r_leg2:7:(3.0,-35.0,0.5):(3.997796,-35.031437,0.441537):(0.0,0.0)
r_foot:98:(2.2,-0.5,-2.5):(2.200001,0.499998,-2.500003):(0.0,0.0)
l_foot:87:(1.5,-0.5,-4.1):(1.500002,0.499996,-4.100000):(0.0,0.0)
l_leg2:8:(-1.8,-35.0,-2.0):(-2.332411,-35.037586,-2.845653):(0.0,0.0)
l_leg2:9:(0.9,-35.0,-2.0):(1.446122,-35.043251,-2.836591):(0.0,0.0)
l_foot:89:(-1.3,-0.5,-4.1):(-1.300002,0.499996,-4.100000):(0.0,0.0)
l_foot:96:(2.3,-0.5,-2.5):(2.300001,0.499996,-2.500003):(0.0,0.0)
l_leg2:6:(2.0,-35.0,0.5):(2.997478,-35.050335,0.449912):(0.0,0.0)
l_foot:97:(2.3,-0.5,1.2):(2.300001,0.499996,1.199997):(0.0,0.0)
l_leg2:10:(0.8,-35.0,3.6):(1.363891,-35.085545,4.421408):(0.0,0.0)
l_foot:101:(1.3,-0.5,2.9):(1.300000,0.499996,2.899997):(0.0,0.0)
l_foot:100:(-0.8,-0.5,2.9):(-0.799999,0.499996,2.899997):(0.0,0.0)
l_leg2:11:(-1.8,-35.0,3.6):(-2.364699,-35.073071,4.422056):(0.0,0.0)
l_foot:99:(-2.2,-0.5,1.2):(-2.200001,0.499996,1.199997):(0.0,0.0)
l_leg2:7:(-3.0,-35.0,0.5):(-3.997796,-35.031437,0.441537):(0.0,0.0)
l_foot:98:(-2.2,-0.5,-2.5):(-2.200001,0.499996,-2.500003):(0.0,0.0)
Material:
(240,255,255,255)::
FaceArray:
0,1,2:0
2,1,3:0
2,4,0:0
0,4,5:0
5,4,6:0
5,6,7:0
7,6,8:0
7,8,9:0
7,9,10:0
10,9,11:0
10,11,12:0
12,11,13:0
12,13,1:0
1,13,3:0
14,15,16:0
17,15,14:0
16,18,14:0
19,18,16:0
20,18,19:0
21,20,19:0
22,20,21:0
23,22,21:0
24,23,21:0
25,23,24:0
26,25,24:0
27,25,26:0
15,27,26:0
17,27,15:0
</>

