<frame>
class:human.female
body::(0.0,0.0,0.0):(0.0,0.0,0.0):HPb:(1.12,1.1,1.12)
head:body:(0.0,31.0,1.0):(0.0,0.0,0.0):HPb:
l_breast:body:(4.5,13.0,-5.5):(0.0,0.0,0.0):---:(1.12,1.12,1.12)
r_breast:body:(-4.5,13.0,-5.5):(0.0,0.0,0.0):---:(1.12,1.12,1.12)
l_arm1:body:(9.0,19.0,1.5):(0.0,0.0,0.0):bPh:(1.1,1.11,1.1)
l_arm2:l_arm1:(0.5,-19.0,0.2):(0.0,0.0,0.0):HPB:(1.1,1.11,1.1)
l_hand:l_arm2:(0.0,-18.0,0.2):(0.0,0.0,0.0):Hbp:(1.1,1.1,1.1)
r_arm1:body:(-9.0,19.0,1.5):(0.0,0.0,0.0):bPh:(1.1,1.11,1.1)
r_arm2:r_arm1:(-0.5,-19.0,0.2):(0.0,0.0,0.0):HPB:(1.1,1.11,1.1)
r_hand:r_arm2:(0.0,-18.0,0.2):(0.0,0.0,0.0):Hbp:(1.1,1.1,1.1)
waist:body:(0.0,0.0,0.0):(0.0,0.0,0.0):HPB:(1.15,1.1,1.15)
l_leg1:waist:(3.5,-14.5,0.0):(0.0,0.0,0.0):bPh:(1.12,1.11,1.12)
l_leg2:l_leg1:(1.5,-35.5,1.5):(0.0,0.0,0.0):bPh:(1.1,1.11,1.1)
l_foot:l_leg2:(-0.5,-38.0,0.5):(0.0,0.0,0.0):HPB:(1.1,1.1,1.1)
r_leg1:waist:(-3.5,-14.5,0.0):(0.0,0.0,0.0):bPh:(1.12,1.11,1.12)
r_leg2:r_leg1:(-1.5,-35.5,1.5):(0.0,0.0,0.0):bPh:(1.1,1.11,1.1)
r_foot:r_leg2:(0.5,-38.0,0.5):(0.0,0.0,0.0):HPB:(1.1,1.1,1.1)
</>

<skin>
1,0,0,0,0,0,0:serika.head
0,1,0,0,0,0,0:female.body
0,0,1,0,0,0,0:female.arms
0,0,0,2,0,0,0:female.l_hand
0,0,0,1,0,0,0:female.r_hand
0,0,0,0,1,0,0:female.waist
0,0,0,0,0,1,0:female.legs
0,0,0,0,0,0,1:female.foots
</>

<defaultcos>
serika.sailor
serika.skirtA
serika.shoesA
</>

<sailor>
class:human.female
0,3,3,0,0,0,0:serika.sailor_vp
</>

<skirtA>
class:human.
0,0,0,0,2,0,0:serika.skirtA_vp
</>

<shoesA>
class:human.
0,0,0,0,0,1,3:serika.shoesA_vp
</>

<head>
head:serika.head
body:serika.hair_r
DynamicVisual:
head:111:(-9.7,-0.0,-0.5):(-9.321329,0.072778,0.422660):(0.0,0.0)
head:109:(-10.2,-0.0,-1.0):(-11.191257,-0.033157,-0.872297):(0.0,0.0)
body:23:(-8.0,23.5,-0.5):(-7.090697,23.264856,-0.156672):(0.0,0.4)
body:22:(-8.5,23.5,-1.0):(-9.413486,23.098978,-1.068805):(0.2,1.0)
head:108:(-9.7,-0.0,-1.7):(-8.705093,0.069123,-1.773407):(0.0,0.0)
body:21:(-8.0,23.5,-1.7):(-7.784679,24.107586,-2.464508):(0.0,1.0)
head:106:(-9.3,-0.0,-1.5):(-9.354447,0.044897,-0.502498):(0.1,0.6)
head:104:(-9.8,-0.0,-2.5):(-10.767496,-0.051231,-2.747639):(0.0,0.0)
body:20:(-6.5,23.0,-2.0):(-6.231266,22.548557,-1.149129):(0.0,0.0)
body:19:(-7.5,23.5,-3.0):(-8.410206,23.418606,-3.406080):(0.0,0.0)
head:103:(-7.7,-0.0,-4.0):(-6.708075,0.065751,-3.891483):(0.0,0.0)
body:18:(-5.9,23.5,-4.5):(-4.986519,23.723524,-4.839992):(0.0,0.0)
head:115:(0.0,2.0,12.5):(0.018387,1.712279,13.457535):(0.0,0.0)
head:114:(-4.5,2.0,11.5):(-5.045747,1.688360,12.277843):(0.0,0.0)
body:0:(0.0,25.0,11.5):(0.000000,25.124033,12.492279):(1.0,0.0)
body:12:(-5.5,25.0,10.5):(-5.826074,25.182199,11.427623):(1.0,0.4)
head:116:(-8.0,0.0,7.0):(-8.849668,-0.286229,7.442884):(0.0,0.0)
body:11:(-8.5,25.0,8.0):(-9.277757,25.333458,8.532831):(0.8,0.4)
body:10:(-9.0,24.0,5.0):(-9.234626,23.775225,4.054256):(0.5,0.4)
head:117:(-9.0,0.0,2.0):(-9.125379,-0.299509,1.054179):(0.0,0.0)
body:3:(-5.0,25.0,7.0):(-4.754099,24.826223,6.046411):(1.0,1.0)
head:124:(-5.5,1.0,7.0):(-4.808618,1.000000,6.277509):(0.0,0.0)
head:123:(0.0,3.0,10.5):(0.536876,3.000000,9.656336):(0.0,0.0)
body:4:(5.0,25.0,7.0):(4.754099,24.826223,6.046411):(0.0,0.0)
body:54:(8.0,23.5,-0.5):(7.072323,23.277294,-0.200308):(0.0,0.0)
head:205:(10.2,-0.0,-1.0):(11.190875,-0.042342,-0.872049):(0.0,0.0)
head:207:(9.7,-0.0,-0.5):(9.321329,0.072778,0.422660):(0.0,0.0)
body:53:(8.5,23.5,-1.0):(9.433880,23.243687,-1.249358):(0.0,0.0)
head:204:(9.7,-0.0,-1.7):(8.703768,0.047132,-1.772840):(0.0,0.0)
body:52:(8.0,23.5,-1.7):(7.681692,24.109537,-2.426044):(0.0,0.0)
body:51:(6.5,23.0,-2.0):(6.231266,22.548557,-1.149129):(0.0,0.0)
head:200:(9.8,-0.0,-2.5):(10.767496,-0.051231,-2.747639):(0.0,0.0)
head:202:(9.3,-0.0,-1.5):(9.354447,0.044897,-0.502498):(0.0,0.0)
body:50:(7.5,23.5,-3.0):(8.410206,23.418606,-3.406080):(0.0,0.0)
body:49:(5.9,23.5,-4.5):(4.986519,23.723524,-4.839992):(0.0,0.0)
head:199:(7.7,-0.0,-4.0):(6.708075,0.065751,-3.891483):(0.0,0.0)
head:210:(4.5,2.0,11.5):(5.055456,1.687634,12.270646):(0.0,0.0)
body:43:(5.5,25.0,10.5):(5.826074,25.182199,11.427623):(0.0,0.0)
head:211:(8.0,0.0,7.0):(8.849668,-0.286230,7.442884):(0.0,0.0)
body:42:(8.5,25.0,8.0):(9.277757,25.333458,8.532831):(0.0,0.0)
body:41:(9.0,24.0,5.0):(9.234626,23.775225,4.054256):(0.0,0.0)
head:212:(9.0,0.0,2.0):(9.125379,-0.299509,1.054179):(0.0,0.0)
head:214:(5.5,1.0,7.0):(4.680768,1.000000,6.426536):(0.0,0.0)
Material:
(50,60,128,255)::
FaceArray:
0,1,2:0
1,3,2:0
1,4,3:0
4,5,3:0
4,0,5:0
0,2,5:0
6,7,8:0
7,9,8:0
7,10,11:0
11,9,7:0
10,6,11:0
6,8,11:0
12,13,14:0
13,15,14:0
13,16,15:0
16,17,15:0
16,18,17:0
16,19,18:0
19,20,18:0
19,21,20:0
21,22,20:0
20,22,23:0
24,25,26:0
24,27,25:0
27,28,25:0
27,29,28:0
29,26,28:0
29,24,26:0
30,31,32:0
30,33,31:0
34,35,31:0
31,33,34:0
34,32,35:0
34,30,32:0
14,36,12:0
14,37,36:0
37,38,36:0
37,39,38:0
39,40,38:0
40,41,38:0
40,23,41:0
23,42,41:0
22,42,23:0
</>

<sailor_vp>
body:serika.sailor
l_breast:serika.sailor_lb
r_breast:serika.sailor_rb
l_arm1:serika.l_sailor1
l_arm2:serika.l_sailor2
r_arm1:serika.r_sailor1
r_arm2:serika.r_sailor2
DynamicVisual:
waist:4:(-4.5,-3.0,-5.0):(-5.039868,-2.747690,-5.732451):(0.0,0.0)
body:18:(-4.5,4.0,-5.0):(-4.786032,3.783660,-5.873996):(0.0,0.0)
body:2:(4.5,4.0,-5.0):(4.786032,3.783660,-5.873996):(0.5,1.0)
waist:1:(4.5,-3.0,-5.0):(5.039868,-2.747690,-5.732451):(0.5,0.0)
waist:0:(4.5,-3.0,4.5):(4.695519,-2.694681,5.475169):(1.0,0.0)
body:1:(4.5,4.0,4.5):(4.940638,3.947754,5.430911):(0.5,0.0)
body:17:(-4.5,4.0,4.5):(-4.940638,3.947754,5.430911):(0.0,0.0)
waist:3:(-4.5,-3.0,4.5):(-4.695519,-2.694681,5.475169):(1.0,1.0)
body:68:(-7.5,4.0,0.0):(-8.439880,3.754927,0.059871):(0.0,0.0)
waist:37:(-7.0,-3.0,0.0):(-7.898966,-2.671797,0.223396):(0.0,0.0)
body:77:(-8.5,22.5,4.0):(-9.053529,23.190966,4.477180):(0.0,0.0)
body:76:(-8.5,22.5,0.0):(-9.124969,23.166573,-0.306829):(0.0,0.0)
r_arm1:0:(-2.5,1.5,0.0):(-3.332050,2.054700,0.000000):(1.0,0.0)
r_arm1:7:(-2.0,0.0,-2.5):(-2.679952,0.310058,-3.164477):(0.0,0.0)
r_arm1:15:(-2.0,0.0,2.5):(-2.679952,0.310058,3.164477):(0.0,0.0)
r_arm1:2:(1.0,-3.0,-3.5):(1.394196,-2.887390,-4.412100):(0.5,1.0)
body:74:(-9.0,18.5,-2.0):(-9.775800,18.803877,-2.459043):(0.0,0.0)
r_arm1:9:(2.0,-4.5,0.0):(2.999938,-4.488889,0.000000):(0.0,0.0)
body:67:(-8.5,14.0,-1.0):(-9.466671,14.014523,-0.864801):(0.0,0.0)
r_arm1:12:(1.0,-3.0,3.5):(1.394196,-2.887390,4.412100):(0.0,0.0)
body:73:(-8.5,14.0,3.0):(-9.269579,13.837630,3.628681):(0.0,0.0)
body:75:(-9.0,17.5,4.0):(-9.673111,17.388407,4.752596):(0.0,0.0)
r_arm1:3:(-2.1,-16.0,-3.0):(-2.764740,-16.027037,-3.746584):(1.0,1.0)
r_arm1:4:(1.1,-16.0,-3.0):(1.853872,-16.006960,-3.656984):(0.0,0.0)
r_arm2:0:(-1.8,-2.0,-2.8):(-2.471689,-2.000000,-3.540834):(1.0,0.0)
r_arm2:5:(-3.3,-0.5,-0.0):(-4.289214,-0.470842,0.143540):(0.0,0.0)
r_arm1:6:(-3.7,-16.0,0.0):(-4.699734,-16.023071,0.000000):(0.0,0.0)
r_arm2:6:(-1.8,0.5,2.5):(-2.303157,0.545742,3.362983):(0.0,0.0)
r_arm1:13:(-2.1,-16.0,3.0):(-2.764740,-16.027037,3.746584):(0.0,0.0)
r_arm2:10:(1.8,0.5,2.5):(2.303157,0.545742,3.362983):(0.0,0.0)
r_arm1:14:(1.1,-16.0,3.0):(1.853872,-16.006960,3.656984):(0.0,0.0)
r_arm2:14:(3.3,-0.5,-0.0):(4.289214,-0.470842,0.143540):(0.0,0.0)
r_arm1:10:(2.3,-16.0,0.0):(3.299660,-15.973922,0.000000):(0.0,0.0)
r_arm2:1:(1.8,-2.0,-2.8):(2.471689,-2.000000,-3.540834):(0.5,0.0)
body:135:(-1.4,17.6,-7.1):(-0.862117,18.148994,-7.739760):(0.0,0.0)
body:136:(-1.3,17.6,-5.1):(-0.336702,17.864082,-5.148166):(0.0,0.0)
r_breast:35:(3.6,2.6,-1.0):(4.570141,2.842542,-1.000000):(0.0,0.0)
r_breast:34:(3.6,2.6,-3.0):(4.439592,2.961841,-3.405166):(0.0,0.0)
r_breast:33:(0.9,2.6,-3.0):(0.791453,2.996178,-3.911739):(0.0,0.0)
body:106:(-4.9,18.1,-5.9):(-5.177614,18.591251,-6.725593):(0.0,0.0)
body:132:(-6.9,17.4,-4.8):(-7.382804,17.824572,-5.506353):(0.0,0.0)
r_breast:19:(-2.3,2.8,-1.1):(-2.712632,3.340148,-1.770143):(0.0,0.0)
body:133:(-8.5,16.0,-4.5):(-9.489460,16.222048,-4.660813):(0.0,0.0)
r_breast:17:(-3.7,1.3,-0.8):(-4.483250,1.665040,-1.309649):(0.0,0.0)
r_breast:6:(-4.4,-0.5,1.3):(-5.423798,-0.500932,1.156470):(0.0,0.0)
body:130:(-9.0,12.5,-2.8):(-9.953537,12.519212,-2.584832):(0.0,0.0)
body:134:(-8.7,10.3,-3.0):(-9.678804,10.036222,-2.870913):(0.0,0.0)
r_breast:7:(-3.8,-2.7,1.2):(-4.800294,-2.998882,1.067775):(0.0,0.0)
body:129:(-8.0,8.5,-3.7):(-8.955591,8.380789,-3.773551):(0.0,0.0)
body:71:(-7.5,6.8,-6.0):(-8.324910,6.722380,-6.536736):(0.0,0.0)
r_breast:8:(-3.7,-2.5,-0.8):(-4.506195,-2.890049,-1.248185):(0.0,0.0)
r_breast:10:(-1.7,-2.8,-2.8):(-2.193745,-3.263557,-3.631373):(0.0,0.0)
body:69:(-5.0,6.5,-7.3):(-5.162990,6.435955,-8.229289):(0.0,0.0)
r_breast:11:(-0.6,-3.1,-3.0):(-0.784736,-3.537189,-3.950459):(0.0,0.0)
r_breast:16:(0.5,-2.8,-3.2):(0.543468,-3.166560,-4.183997):(0.0,0.0)
body:10:(-1.8,6.5,-7.1):(-1.814623,6.476852,-8.077880):(0.0,0.0)
r_breast:14:(3.0,-2.5,-3.0):(3.140402,-2.716929,-3.979853):(0.0,0.0)
body:42:(-1.5,17.1,-5.7):(-1.500001,17.493925,-6.619145):(0.0,0.0)
body:33:(1.5,17.1,-5.7):(1.500001,17.493925,-6.619145):(0.0,0.0)
r_breast:38:(3.5,1.0,-2.9):(3.499999,1.000008,-3.900000):(0.0,0.0)
l_breast:38:(-3.5,1.0,-2.9):(-3.499999,1.000008,-3.900000):(0.0,0.0)
r_breast:23:(3.5,0.9,-3.1):(3.733335,1.343097,-3.991155):(0.0,0.0)
r_breast:37:(3.5,0.9,-2.1):(4.177221,1.670348,-2.106440):(0.0,0.0)
l_breast:37:(-3.5,0.9,-2.1):(-4.177221,1.670348,-2.106440):(0.0,0.0)
l_breast:23:(-3.5,0.9,-3.1):(-3.733335,1.343097,-3.991156):(0.0,0.0)
r_breast:13:(3.8,-0.8,-3.1):(3.951812,-0.850789,-4.084098):(0.0,0.0)
l_breast:13:(-3.8,-0.8,-3.1):(-3.951812,-0.850789,-4.084098):(0.0,0.0)
l_breast:14:(-3.0,-2.5,-3.0):(-3.140402,-2.716929,-3.979853):(0.0,0.0)
body:5:(1.8,6.5,-7.1):(1.814623,6.476852,-8.077880):(0.0,0.0)
r_breast:44:(3.6,1.2,-3.0):(2.631595,1.262382,-2.962571):(0.0,0.0)
l_breast:44:(-3.6,1.2,-3.0):(-2.631595,1.262382,-2.962571):(0.0,0.0)
l_breast:41:(-3.6,1.0,-4.0):(-2.632010,1.069546,-3.956334):(0.0,0.0)
r_breast:41:(3.6,1.0,-4.0):(2.632010,1.069546,-3.956334):(0.0,0.0)
l_breast:42:(-3.5,-0.3,-4.5):(-2.531388,-0.360269,-4.450100):(0.0,0.0)
r_breast:42:(3.5,-0.3,-4.5):(2.531388,-0.360269,-4.450100):(0.0,0.0)
l_breast:43:(-3.8,-1.8,-3.5):(-2.848989,-1.996111,-3.450096):(0.0,0.0)
r_breast:43:(3.8,-1.8,-3.5):(2.848989,-1.996111,-3.450096):(0.0,0.0)
l_breast:45:(-3.8,-1.8,-2.0):(-2.848989,-1.996111,-1.950096):(0.0,0.0)
r_breast:45:(3.8,-1.8,-2.0):(2.848989,-1.996111,-1.950096):(0.0,0.0)
r_breast:58:(-0.5,-4.8,-3.4):(-0.975320,-4.607659,-4.191575):(0.0,0.0)
body:213:(-4.5,4.7,-9.0):(-4.616789,4.803043,-9.933945):(0.0,0.0)
body:214:(-5.8,5.2,-8.0):(-6.330104,5.367906,-8.761618):(0.0,0.0)
r_breast:57:(0.5,-4.8,-4.0):(0.333989,-4.633982,-4.916624):(0.0,0.0)
body:212:(-1.2,5.2,-8.0):(-0.880422,5.200004,-8.907116):(0.0,0.0)
r_breast:56:(3.4,-4.8,-3.6):(3.550401,-4.688958,-4.536535):(0.0,0.0)
r_breast:21:(-0.3,3.3,-1.4):(-0.471190,3.942954,-2.172250):(0.0,0.0)
body:131:(-4.6,18.0,-5.3):(-4.834806,18.323278,-6.175106):(0.0,0.0)
body:105:(-5.8,17.9,-5.6):(-6.243863,18.320856,-6.391117):(0.0,0.0)
r_breast:68:(-0.2,2.9,-2.4):(-0.579033,3.379839,-3.191261):(0.0,0.0)
r_breast:71:(-1.3,3.0,-1.6):(-2.180292,2.993663,-2.074390):(0.0,0.0)
body:101:(-6.7,17.6,-5.3):(-7.619924,17.438705,-5.657388):(0.0,0.0)
r_breast:72:(-1.3,3.0,-1.1):(-2.157493,2.485510,-1.099999):(0.0,0.0)
body:103:(-6.7,17.6,-4.4):(-7.607961,17.180941,-4.399999):(0.0,0.0)
body:141:(7.5,4.0,0.0):(8.439880,3.754927,0.059871):(0.0,0.0)
waist:2:(7.0,-3.0,0.0):(7.898966,-2.671797,0.223396):(0.5,1.0)
l_arm1:0:(2.5,1.5,0.0):(3.332050,2.054700,0.000000):(1.0,0.0)
body:149:(8.5,22.5,0.0):(9.124969,23.166573,-0.306829):(0.0,0.0)
body:150:(8.5,22.5,4.0):(9.053529,23.190966,4.477180):(0.0,0.0)
l_arm1:7:(2.0,0.0,-2.5):(2.679952,0.310058,-3.164477):(0.0,0.0)
l_arm1:15:(2.0,0.0,2.5):(2.679952,0.310058,3.164477):(0.0,0.0)
l_arm1:2:(-1.0,-3.0,-3.5):(-1.394196,-2.887390,-4.412100):(0.5,1.0)
body:147:(9.0,18.5,-2.0):(9.775800,18.803877,-2.459043):(0.0,0.0)
l_arm1:9:(-2.0,-4.5,0.0):(-2.999938,-4.488889,0.000000):(0.0,0.0)
body:140:(8.5,14.0,-1.0):(9.466671,14.014523,-0.864801):(0.0,0.0)
l_arm1:12:(-1.0,-3.0,3.5):(-1.394196,-2.887390,4.412100):(0.0,0.0)
body:146:(8.5,14.0,3.0):(9.269579,13.837630,3.628681):(0.0,0.0)
body:148:(9.0,17.5,4.0):(9.673111,17.388407,4.752596):(0.0,0.0)
l_arm2:0:(1.8,-2.0,-2.8):(2.471688,-2.000000,-3.540834):(1.0,0.0)
l_arm1:4:(-1.1,-16.0,-3.0):(-1.853872,-16.006960,-3.656984):(0.0,0.0)
l_arm1:3:(2.1,-16.0,-3.0):(2.764740,-16.027037,-3.746584):(1.0,1.0)
l_arm2:5:(3.3,-0.5,-0.0):(4.289214,-0.470842,0.143540):(0.0,0.0)
l_arm1:6:(3.7,-16.0,0.0):(4.699734,-16.023071,0.000000):(0.0,0.0)
l_arm2:6:(1.8,0.5,2.5):(2.303157,0.545742,3.362983):(0.0,0.0)
l_arm1:13:(2.1,-16.0,3.0):(2.764740,-16.027037,3.746584):(0.0,0.0)
l_arm2:10:(-1.8,0.5,2.5):(-2.303157,0.545742,3.362983):(0.0,0.0)
l_arm1:14:(-1.1,-16.0,3.0):(-1.853872,-16.006960,3.656984):(0.0,0.0)
l_arm2:14:(-3.3,-0.5,-0.0):(-4.289214,-0.470842,0.143540):(0.0,0.0)
l_arm1:10:(-2.3,-16.0,0.0):(-3.299660,-15.973922,0.000000):(0.0,0.0)
l_arm2:1:(-1.8,-2.0,-2.8):(-2.471688,-2.000000,-3.540834):(0.5,0.0)
l_breast:35:(-3.6,2.6,-1.0):(-4.570141,2.842542,-1.000000):(0.0,0.0)
body:209:(1.3,17.6,-5.1):(0.336702,17.864082,-5.148166):(0.0,0.0)
body:208:(1.4,17.6,-7.1):(0.862117,18.148994,-7.739760):(0.0,0.0)
l_breast:34:(-3.6,2.6,-3.0):(-4.439592,2.961841,-3.405166):(0.0,0.0)
l_breast:33:(-0.9,2.6,-3.0):(-0.791453,2.996178,-3.911739):(0.0,0.0)
body:179:(4.9,18.1,-5.9):(5.177614,18.591251,-6.725593):(0.0,0.0)
l_breast:19:(2.3,2.8,-1.1):(2.712632,3.340148,-1.770143):(0.0,0.0)
body:205:(6.9,17.4,-4.8):(7.382804,17.824572,-5.506353):(0.0,0.0)
body:206:(8.5,16.0,-4.5):(9.489460,16.222048,-4.660813):(0.0,0.0)
l_breast:17:(3.7,1.3,-0.8):(4.483250,1.665040,-1.309649):(0.0,0.0)
l_breast:6:(4.4,-0.5,1.3):(5.423798,-0.500932,1.156470):(0.0,0.0)
body:203:(9.0,12.5,-2.8):(9.953537,12.519212,-2.584832):(0.0,0.0)
body:207:(8.7,10.3,-3.0):(9.678804,10.036222,-2.870913):(0.0,0.0)
l_breast:7:(3.8,-2.7,1.2):(4.800294,-2.998882,1.067775):(0.0,0.0)
body:202:(8.0,8.5,-3.7):(8.955591,8.380789,-3.773551):(0.0,0.0)
body:144:(7.5,6.8,-6.0):(8.324910,6.722380,-6.536736):(0.0,0.0)
l_breast:8:(3.7,-2.5,-0.8):(4.506195,-2.890050,-1.248185):(0.0,0.0)
l_breast:10:(1.7,-2.8,-2.8):(2.193744,-3.263557,-3.631373):(0.0,0.0)
body:142:(5.0,6.5,-7.3):(5.162990,6.435955,-8.229289):(0.0,0.0)
l_breast:11:(0.6,-3.1,-3.0):(0.784735,-3.537189,-3.950459):(0.0,0.0)
l_breast:16:(-0.5,-2.8,-3.2):(-0.543468,-3.166560,-4.183997):(0.0,0.0)
body:228:(5.8,5.2,-8.0):(6.330104,5.367906,-8.761618):(0.0,0.0)
body:224:(4.5,4.7,-9.0):(4.616789,4.803043,-9.933945):(0.0,0.0)
l_breast:58:(0.5,-4.8,-3.4):(0.975320,-4.607659,-4.191575):(0.0,0.0)
l_breast:57:(-0.5,-4.8,-4.0):(-0.333989,-4.633982,-4.916624):(0.0,0.0)
body:221:(1.2,5.2,-8.0):(0.880422,5.200004,-8.907116):(0.0,0.0)
l_breast:56:(-3.4,-4.8,-3.6):(-3.550401,-4.688958,-4.536535):(0.0,0.0)
l_breast:21:(0.3,3.3,-1.4):(0.471189,3.942954,-2.172249):(0.0,0.0)
body:204:(4.6,18.0,-5.3):(4.834806,18.323278,-6.175106):(0.0,0.0)
l_breast:68:(0.2,2.9,-2.4):(0.579033,3.379840,-3.191261):(1.0,0.0)
body:178:(5.8,17.9,-5.6):(6.243863,18.320856,-6.391117):(0.0,0.0)
l_breast:71:(1.3,3.0,-1.6):(2.180292,2.993665,-2.074391):(0.0,0.0)
body:174:(6.7,17.6,-5.3):(7.619924,17.438705,-5.657388):(0.0,0.0)
l_breast:72:(1.3,3.0,-1.1):(2.157494,2.485512,-1.099999):(0.0,0.0)
body:176:(6.7,17.6,-4.4):(7.607961,17.180941,-4.399999):(0.0,0.0)
Material:
(180,32,32,255)::
(255,225,200,255)::
(255,230,230,255)::
(230,100,160,255)::
FaceArray:
0,1,2:1
2,3,0:1
5,6,4:1
4,6,7:1
0,8,1:1
0,9,8:1
7,8,9:1
7,6,8:1
10,11,12:2
11,13,12:2
14,10,12:2
13,11,15:2
16,15,11:2
17,15,16:2
16,18,17:2
18,19,17:2
20,19,18:2
20,21,19:2
21,14,19:2
10,14,21:2
22,23,24:2
24,25,22:2
25,26,22:2
27,26,25:2
28,26,27:2
27,29,28:2
29,30,28:2
31,30,29:2
32,30,31:2
31,33,32:2
33,23,32:2
24,23,33:2
34,35,36:0
34,36,37:0
38,34,37:0
38,39,34:0
42,40,41:2
42,41,43:2
42,43,44:2
42,44,45:2
45,44,46:2
46,44,47:2
46,47,48:2
48,47,49:2
49,47,50:2
49,50,51:2
49,51,52:2
52,51,53:2
52,53,54:2
52,54,55:2
55,54,56:2
57,58,59:2
59,58,60:2
61,62,63:2
61,63,64:2
61,64,65:2
65,64,66:2
65,66,56:2
56,66,67:2
56,67,55:2
55,67,68:2
69,70,71:3
69,71,72:3
72,71,73:3
72,73,74:3
74,73,75:3
74,75,76:3
76,75,77:3
76,77,78:3
79,80,81:3
79,82,80:3
82,83,80:3
82,84,83:3
41,40,85:2
85,40,86:2
87,39,88:2
88,39,38:2
88,89,87:0
87,89,90:0
90,89,91:0
91,92,90:0
2,93,3:1
93,94,3:1
94,93,4:1
93,5,4:1
95,96,97:2
95,98,96:2
95,97,99:2
100,96,98:2
96,100,101:2
101,100,102:2
102,103,101:2
102,104,103:2
103,104,105:2
104,106,105:2
104,99,106:2
106,99,97:2
107,108,109:2
109,110,107:2
109,111,110:2
110,111,112:2
112,111,113:2
113,114,112:2
113,115,114:2
114,115,116:2
116,115,117:2
117,118,116:2
117,108,118:2
118,108,107:2
119,120,121:0
122,119,121:0
122,121,123:0
121,124,123:0
125,126,127:2
128,125,127:2
129,128,127:2
130,129,127:2
131,129,130:2
132,129,131:2
133,132,131:2
134,132,133:2
135,132,134:2
136,135,134:2
137,136,134:2
138,136,137:2
139,138,137:2
68,139,137:2
67,139,68:2
140,141,142:3
141,143,142:3
141,144,143:3
144,145,143:3
146,126,125:2
147,126,146:2
148,124,149:2
123,124,148:2
149,150,148:0
151,150,149:0
152,150,151:0
151,153,152:0
</>

<skirtA_vp>
waist:serika.skirta
skirt_f:waist:(0.0,-12.0,-3.0):serika.skirta_f
skirt_r:waist:(0.0,-20.0,10.0):serika.skirta_r
DynamicVisual:
waist:27:(-1.5,-8.0,-7.8):(-1.115437,-7.656957,-8.593193):(0.0,0.0)
waist:63:(-1.5,-8.0,-7.3):(-0.529570,-8.000000,-7.250094):(0.0,0.0)
skirt_f:114:(-1.7,-8.0,-5.9):(-1.095941,-7.953759,-6.622348):(0.0,0.0)
skirt_f:115:(-1.7,-8.0,-5.4):(-0.729672,-8.014284,-5.350094):(0.0,0.0)
waist:26:(-5.6,-8.0,-7.4):(-6.353300,-7.693130,-7.891340):(0.0,0.0)
skirt_f:117:(-6.2,-8.0,-5.6):(-6.998737,-7.897523,-6.100916):(0.0,0.0)
waist:62:(-5.5,-8.0,-6.9):(-6.448008,-7.921790,-6.654578):(0.0,0.0)
skirt_f:120:(-6.1,-8.0,-5.1):(-7.048419,-7.927346,-4.854496):(0.0,0.0)
waist:67:(-6.3,-8.0,-6.6):(-6.614460,-7.693481,-7.437613):(0.0,0.0)
waist:68:(-5.4,-8.0,-7.0):(-5.755526,-7.682292,-7.816561):(0.0,0.0)
skirt_f:122:(-7.2,-8.0,-5.1):(-7.170430,-7.942946,-6.048465):(0.0,0.0)
skirt_f:121:(-6.0,-8.0,-5.3):(-5.970430,-7.942946,-6.248465):(0.0,0.0)
waist:28:(-6.5,-8.0,-7.0):(-6.820579,-7.598244,-7.796256):(0.0,0.0)
waist:60:(-6.2,-8.0,-6.5):(-5.256104,-8.266676,-6.754870):(0.0,0.0)
skirt_f:118:(-7.2,-8.0,-5.4):(-7.011168,-7.928408,-6.334731):(0.0,0.0)
skirt_f:119:(-6.9,-8.0,-4.9):(-6.014296,-8.056256,-5.363776):(0.0,0.0)
waist:30:(-8.5,-8.0,-4.5):(-9.382932,-7.666232,-4.213593):(0.0,0.0)
skirt_f:123:(-10.3,-8.0,-2.3):(-11.258608,-7.881254,-2.153139):(0.0,0.0)
waist:57:(-8.0,-8.0,-4.2):(-8.484346,-8.047108,-3.293552):(0.0,0.0)
skirt_f:125:(-9.8,-8.0,-2.0):(-10.284906,-8.007346,-1.092624):(0.0,0.0)
waist:72:(-8.9,-8.0,-3.6):(-9.457582,-7.532107,-4.210645):(0.0,0.0)
waist:71:(-8.0,-8.0,-4.4):(-8.557583,-7.532107,-5.010644):(0.0,0.0)
skirt_f:127:(-10.8,-8.0,-1.2):(-11.505180,-7.848850,-1.811374):(0.0,0.0)
skirt_f:128:(-9.9,-8.0,-2.2):(-10.605181,-7.848850,-2.811373):(0.0,0.0)
waist:31:(-9.2,-8.0,-3.9):(-9.795977,-7.739122,-4.585371):(0.0,0.0)
waist:58:(-8.7,-8.0,-3.6):(-8.163333,-8.169027,-4.395248):(0.0,0.0)
skirt_f:124:(-11.0,-8.0,-1.6):(-11.279761,-7.883972,-2.493942):(0.0,0.0)
skirt_f:126:(-10.5,-8.0,-1.3):(-9.956029,-8.019596,-2.107424):(0.0,0.0)
waist:117:(-10.8,-11.0,-0.5):(-11.577444,-10.911862,0.133826):(1.0,1.0)
skirt_f:111:(-13.5,-12.0,2.8):(-14.445210,-11.834609,2.999775):(0.0,0.0)
waist:118:(-10.3,-11.0,-0.5):(-10.270430,-11.033315,0.549350):(0.0,0.0)
skirt_f:112:(-13.0,-12.0,2.8):(-12.970434,-12.000000,3.849906):(0.0,0.0)
waist:122:(-10.4,-11.0,0.4):(-11.361668,-10.867836,0.449906):(0.0,0.0)
waist:119:(-10.4,-11.0,-0.6):(-11.361668,-10.867836,-0.550094):(0.0,0.0)
skirt_f:146:(-13.2,-12.0,3.9):(-14.158807,-11.847943,3.949906):(0.0,0.0)
skirt_f:147:(-13.2,-12.0,2.7):(-14.158807,-11.847943,2.749906):(0.0,0.0)
waist:120:(-10.8,-11.0,0.3):(-11.750853,-10.844630,0.228934):(0.0,0.0)
waist:121:(-10.3,-11.0,0.3):(-10.270430,-11.066519,-0.647880):(0.0,0.0)
skirt_f:139:(-13.5,-12.0,3.8):(-13.470436,-12.000000,2.849906):(0.0,0.0)
skirt_f:140:(-13.0,-12.0,3.8):(-12.970434,-12.000000,2.849906):(0.0,0.0)
waist:111:(-10.1,-13.3,3.4):(-10.535044,-13.130346,4.319013):(0.0,0.0)
skirt_r:104:(-13.1,-10.5,-5.2):(-12.876681,-10.345006,-4.181364):(0.0,0.0)
skirt_f:129:(-14.5,-18.5,3.8):(-14.470436,-18.500002,2.849906):(0.0,0.0)
skirt_r:105:(-13.2,-11.0,-5.1):(-12.976682,-10.845008,-4.081364):(0.0,0.0)
skirt_f:130:(-14.7,-19.0,3.8):(-14.670437,-19.000004,2.849906):(0.0,0.0)
skirt_f:131:(-15.0,-19.5,3.8):(-14.970438,-19.500006,2.849906):(0.0,0.0)
skirt_r:106:(-13.3,-11.5,-5.0):(-13.076682,-11.345010,-3.981364):(0.0,0.0)
skirt_r:107:(-13.4,-12.0,-4.9):(-13.176682,-11.845012,-3.881364):(0.0,0.0)
skirt_f:132:(-15.2,-20.0,3.8):(-15.170439,-20.000008,2.849906):(0.0,0.0)
skirt_f:133:(-15.5,-20.5,3.8):(-15.470440,-20.500010,2.849906):(0.0,0.0)
skirt_r:108:(-13.5,-12.5,-4.8):(-13.276683,-12.345014,-3.781364):(0.0,0.0)
skirt_r:113:(-13.0,-12.5,-4.9):(-12.398092,-13.259639,-4.541233):(0.0,0.0)
skirt_f:134:(-15.0,-20.5,3.8):(-14.580078,-21.280729,3.361956):(0.0,0.0)
waist:113:(-9.6,-13.3,3.3):(-9.374609,-13.244582,4.328980):(0.0,0.0)
skirt_r:109:(-12.6,-10.5,-5.3):(-12.376679,-10.345006,-4.281364):(0.0,0.0)
waist:115:(-9.5,-13.8,4.0):(-10.399078,-13.595583,4.359456):(0.5,0.0)
waist:116:(-9.7,-13.3,3.2):(-10.599079,-13.095581,3.559456):(0.5,1.0)
skirt_r:60:(-12.8,-10.5,-5.4):(-13.648685,-10.310726,-4.910963):(0.0,0.0)
skirt_r:132:(-12.1,-9.0,-4.4):(-12.958556,-8.881585,-3.906027):(0.0,0.0)
waist:110:(-8.6,-17.0,8.2):(-8.917219,-16.756340,9.155642):(0.0,0.0)
waist:112:(-9.9,-13.8,4.0):(-10.855266,-13.638181,3.987392):(0.0,0.0)
skirt_r:130:(-12.4,-9.0,-4.5):(-13.296207,-8.904840,-4.815979):(0.0,0.0)
waist:114:(-9.4,-13.8,3.9):(-9.565845,-13.884235,2.972809):(1.0,0.0)
skirt_r:131:(-11.9,-9.0,-4.6):(-12.066387,-8.960809,-5.529922):(0.0,0.0)
skirt_r:124:(-9.6,-4.0,-0.9):(-9.849326,-3.942886,0.108528):(0.0,0.0)
waist:109:(-8.1,-17.0,8.0):(-7.703752,-16.841108,8.966584):(0.0,0.0)
skirt_r:127:(-9.1,-4.0,-1.1):(-8.699151,-3.974299,-0.121922):(0.0,0.0)
waist:106:(-7.7,-17.0,8.5):(-8.482176,-16.780527,9.091081):(0.0,0.0)
waist:108:(-8.2,-17.0,8.0):(-8.982176,-16.780527,8.591084):(0.0,0.0)
skirt_r:128:(-9.2,-4.0,-1.2):(-9.750454,-3.935752,-0.338038):(0.0,0.0)
skirt_r:129:(-8.5,-4.0,-0.7):(-9.050451,-3.935752,0.161960):(0.0,0.0)
waist:105:(-7.9,-17.0,8.9):(-8.751919,-16.815405,9.384521):(0.0,0.0)
waist:107:(-7.7,-17.0,8.4):(-8.598870,-17.008253,8.078526):(0.0,0.0)
skirt_r:125:(-8.8,-4.0,-0.4):(-9.645488,-3.965595,0.132699):(0.0,0.0)
skirt_r:126:(-8.6,-4.0,-0.9):(-9.498597,-3.974299,-1.221361):(0.0,0.0)
waist:104:(-5.0,-17.0,9.9):(-4.343274,-16.868099,10.717552):(0.0,0.0)
skirt_r:123:(-5.2,-4.0,0.5):(-4.530548,-3.998024,1.318385):(0.0,0.0)
waist:103:(-5.0,-17.0,9.4):(-3.974352,-17.088539,9.449903):(0.0,0.0)
skirt_r:122:(-5.2,-4.0,0.0):(-4.170543,-4.015385,0.049908):(0.0,0.0)
waist:101:(-4.2,-17.0,9.6):(-4.306339,-16.723646,10.601293):(0.0,0.0)
waist:102:(-5.1,-17.0,9.5):(-5.206339,-16.723646,10.501292):(0.0,0.0)
skirt_r:119:(-4.3,-4.0,0.2):(-4.557435,-3.951436,1.206600):(0.0,0.0)
skirt_r:121:(-5.3,-4.0,0.1):(-5.557435,-3.951436,1.106599):(0.0,0.0)
waist:99:(-4.3,-17.0,10.0):(-4.969768,-16.765787,10.725229):(0.0,0.0)
waist:100:(-4.3,-17.0,9.5):(-5.268210,-16.933481,9.549904):(0.0,0.0)
skirt_r:118:(-4.4,-4.0,0.6):(-5.086196,-3.956825,1.346905):(0.0,0.0)
skirt_r:120:(-4.4,-4.0,0.1):(-5.370307,-3.984623,0.149904):(0.0,0.0)
waist:98:(-0.5,-17.0,10.0):(0.237691,-16.818333,10.732229):(0.0,0.0)
skirt_r:117:(-0.5,-4.0,0.7):(0.227740,-3.977716,1.465492):(0.0,0.0)
waist:97:(-0.5,-17.0,9.5):(0.529513,-17.011110,9.549902):(0.0,0.0)
skirt_r:116:(-0.5,-4.0,0.2):(0.529456,-4.015385,0.249901):(0.0,0.0)
waist:123:(0.6,-17.0,9.6):(0.570426,-16.732361,10.613417):(0.0,0.0)
waist:96:(-0.6,-17.0,9.6):(-0.570426,-16.732361,10.613417):(0.0,0.0)
skirt_r:114:(0.6,-4.0,0.3):(0.570426,-3.953898,1.348838):(0.0,0.0)
skirt_r:115:(-0.6,-4.0,0.3):(-0.570426,-3.953898,1.348838):(0.0,0.0)
waist:23:(-2.0,-8.0,-7.3):(-1.970431,-7.669650,-8.193953):(0.0,0.0)
waist:24:(2.0,-8.0,-7.3):(1.970431,-7.669650,-8.193953):(0.0,0.0)
skirt_f:113:(-2.4,-8.0,-5.6):(-2.370430,-7.844762,-6.537971):(0.0,0.0)
skirt_f:116:(2.4,-8.0,-5.6):(2.370430,-7.844762,-6.537971):(0.0,0.0)
waist:15:(-7.0,-17.0,7.5):(-6.514484,-17.288427,6.707926):(0.0,0.0)
waist:16:(7.0,-17.0,7.5):(6.514484,-17.288427,6.707926):(0.0,0.0)
skirt_r:134:(-8.0,-4.0,-1.5):(-7.684093,-4.210869,-2.384734):(0.0,0.0)
skirt_r:133:(8.0,-4.0,-1.5):(7.684093,-4.210869,-2.384734):(0.0,0.0)
skirt_f:157:(-12.5,-12.0,3.8):(-11.520088,-12.187233,4.098491):(0.0,0.0)
waist:14:(-8.5,-8.0,0.0):(-7.968924,-8.804144,-0.269233):(0.0,0.0)
skirt_r:135:(-12.2,-10.5,-5.5):(-11.401063,-10.881578,-5.962432):(0.0,0.0)
skirt_f:156:(-13.5,-18.5,3.8):(-12.603514,-18.980804,3.981367):(0.0,0.0)
skirt_f:155:(-10.0,-8.0,-1.0):(-9.321271,-8.215551,-0.277893):(0.0,0.0)
waist:9:(-5.0,-8.0,-6.0):(-4.970429,-9.000000,-5.950096):(0.0,0.0)
skirt_f:153:(-5.0,-8.0,-5.0):(-4.736889,-8.122416,-4.001751):(0.0,0.0)
waist:8:(5.0,-8.0,-6.0):(4.970429,-9.000000,-5.950096):(0.0,0.0)
skirt_f:154:(5.0,-8.0,-5.0):(4.736889,-8.122416,-4.001751):(0.0,0.0)
skirt_f:255:(1.7,-8.0,-5.9):(1.046410,-7.964559,-6.579502):(0.0,0.0)
waist:167:(1.5,-8.0,-7.3):(0.529570,-8.000000,-7.250094):(0.0,0.0)
waist:133:(1.5,-8.0,-7.8):(1.115437,-7.656957,-8.593193):(0.0,0.0)
skirt_f:256:(1.7,-8.0,-5.4):(0.729672,-8.014284,-5.350094):(0.0,0.0)
waist:132:(5.6,-8.0,-7.4):(6.349255,-7.680107,-7.889633):(0.0,0.0)
skirt_f:257:(6.2,-8.0,-5.6):(6.960313,-7.897739,-6.154765):(0.0,0.0)
skirt_f:260:(6.1,-8.0,-5.1):(7.048419,-7.927346,-4.854496):(0.0,0.0)
waist:166:(5.5,-8.0,-6.9):(6.446331,-7.902406,-6.654914):(0.0,0.0)
skirt_f:262:(7.2,-8.0,-5.1):(7.334422,-7.929714,-6.034048):(0.0,0.0)
waist:170:(5.4,-8.0,-7.0):(5.755526,-7.682292,-7.816561):(0.0,0.0)
waist:169:(6.3,-8.0,-6.6):(6.614460,-7.693481,-7.437613):(0.0,0.0)
skirt_f:261:(6.0,-8.0,-5.3):(6.134422,-7.929714,-6.234048):(0.0,0.0)
skirt_f:258:(7.2,-8.0,-5.4):(7.042417,-7.923720,-6.338928):(0.0,0.0)
waist:164:(6.2,-8.0,-6.5):(5.249015,-8.238029,-6.757233):(0.0,0.0)
waist:134:(6.5,-8.0,-7.0):(6.813580,-7.582943,-7.791708):(0.0,0.0)
skirt_f:259:(6.9,-8.0,-4.9):(6.014296,-8.056256,-5.363776):(0.0,0.0)
waist:136:(8.5,-8.0,-4.5):(9.382932,-7.666232,-4.213593):(0.0,0.0)
skirt_f:263:(10.3,-8.0,-2.3):(11.255373,-7.884375,-2.121584):(0.0,0.0)
skirt_f:265:(9.8,-8.0,-2.0):(10.284905,-8.007346,-1.092624):(0.0,0.0)
waist:161:(8.0,-8.0,-4.2):(8.484346,-8.047108,-3.293552):(0.0,0.0)
skirt_f:267:(10.8,-8.0,-1.2):(11.505180,-7.848850,-1.811374):(0.0,0.0)
waist:173:(8.0,-8.0,-4.4):(8.590528,-7.519420,-4.970191):(0.0,0.0)
waist:174:(8.9,-8.0,-3.6):(9.490527,-7.519420,-4.170192):(0.0,0.0)
skirt_f:268:(9.9,-8.0,-2.2):(10.605181,-7.848850,-2.811373):(0.0,0.0)
skirt_f:264:(11.0,-8.0,-1.6):(11.279762,-7.883972,-2.493942):(0.0,0.0)
waist:162:(8.7,-8.0,-3.6):(8.163333,-8.169027,-4.395248):(0.0,0.0)
waist:137:(9.2,-8.0,-3.9):(9.795977,-7.739122,-4.585371):(0.0,0.0)
skirt_f:266:(10.5,-8.0,-1.3):(9.956030,-8.019596,-2.107424):(0.0,0.0)
waist:216:(10.8,-11.0,-0.5):(11.577444,-10.911862,0.133826):(0.0,0.0)
skirt_f:253:(13.5,-12.0,2.8):(14.445210,-11.834609,2.999775):(0.0,0.0)
skirt_f:254:(13.0,-12.0,2.8):(12.970434,-12.000000,3.849906):(0.0,0.0)
waist:217:(10.3,-11.0,-0.5):(10.270430,-11.033315,0.549350):(0.0,0.0)
skirt_f:286:(13.2,-12.0,3.9):(14.158807,-11.847943,3.949906):(0.0,0.0)
waist:218:(10.4,-11.0,-0.6):(11.361668,-10.867836,-0.550094):(0.0,0.0)
waist:221:(10.4,-11.0,0.4):(11.361668,-10.867836,0.449906):(0.0,0.0)
skirt_f:287:(13.2,-12.0,2.7):(14.158807,-11.847943,2.749906):(0.0,0.0)
skirt_f:279:(13.5,-12.0,3.8):(13.470436,-12.000000,2.849906):(0.0,0.0)
waist:220:(10.3,-11.0,0.3):(10.270430,-11.066519,-0.647880):(0.0,0.0)
waist:219:(10.8,-11.0,0.3):(11.750853,-10.844630,0.228934):(0.0,0.0)
skirt_f:280:(13.0,-12.0,3.8):(12.970434,-12.000000,2.849906):(0.0,0.0)
waist:210:(10.1,-13.3,3.4):(10.535044,-13.130346,4.319013):(0.0,0.0)
skirt_r:227:(13.1,-10.5,-5.2):(12.876681,-10.345006,-4.181364):(0.0,0.0)
skirt_f:269:(14.5,-18.5,3.8):(14.470436,-18.500002,2.849906):(0.0,0.0)
skirt_f:271:(15.0,-19.5,3.8):(14.970438,-19.500006,2.849906):(0.0,0.0)
skirt_f:270:(14.7,-19.0,3.8):(14.670437,-19.000004,2.849906):(0.0,0.0)
skirt_r:228:(13.2,-11.0,-5.1):(12.976682,-10.845008,-4.081364):(0.0,0.0)
skirt_r:229:(13.3,-11.5,-5.0):(13.076682,-11.345010,-3.981364):(0.0,0.0)
skirt_f:273:(15.5,-20.5,3.8):(15.470440,-20.500010,2.849906):(0.0,0.0)
skirt_f:272:(15.2,-20.0,3.8):(15.170439,-20.000008,2.849906):(0.0,0.0)
skirt_r:230:(13.4,-12.0,-4.9):(13.176682,-11.845012,-3.881364):(0.0,0.0)
skirt_r:231:(13.5,-12.5,-4.8):(13.276683,-12.345014,-3.781364):(0.0,0.0)
skirt_r:236:(13.0,-12.5,-4.9):(12.398092,-13.259639,-4.541233):(0.0,0.0)
skirt_f:274:(15.0,-20.5,3.8):(14.580078,-21.280729,3.361956):(0.0,0.0)
waist:212:(9.6,-13.3,3.3):(9.374609,-13.244582,4.328980):(0.0,0.0)
skirt_r:232:(12.6,-10.5,-5.3):(12.376679,-10.345006,-4.281364):(0.0,0.0)
skirt_r:195:(12.8,-10.5,-5.4):(13.648685,-10.310726,-4.910963):(0.0,0.0)
waist:215:(9.7,-13.3,3.2):(10.581880,-13.094411,3.606263):(0.0,0.0)
waist:214:(9.5,-13.8,4.0):(10.381879,-13.594413,4.406263):(0.0,0.0)
skirt_r:253:(12.1,-9.0,-4.4):(12.958556,-8.881585,-3.906027):(0.0,0.0)
skirt_r:251:(12.4,-9.0,-4.5):(13.290501,-8.907434,-4.830739):(0.0,0.0)
waist:211:(9.9,-13.8,4.0):(10.855266,-13.638181,3.987392):(0.0,0.0)
waist:209:(8.6,-17.0,8.2):(8.917220,-16.756338,9.155642):(0.0,0.0)
skirt_r:252:(11.9,-9.0,-4.6):(12.066387,-8.960809,-5.529922):(0.0,0.0)
waist:213:(9.4,-13.8,3.9):(9.565845,-13.884235,2.972809):(0.0,0.0)
skirt_r:245:(9.6,-4.0,-0.9):(9.864556,-3.942395,0.103936):(0.0,0.0)
skirt_r:248:(9.1,-4.0,-1.1):(8.699151,-3.974299,-0.121922):(0.0,0.0)
waist:208:(8.1,-17.0,8.0):(7.703753,-16.841108,8.966585):(0.0,0.0)
skirt_r:249:(9.2,-4.0,-1.2):(9.750454,-3.935752,-0.338038):(0.0,0.0)
waist:207:(8.2,-17.0,8.0):(8.857436,-16.763363,8.736929):(0.0,0.0)
waist:205:(7.7,-17.0,8.5):(8.357436,-16.763363,9.236925):(0.0,0.0)
skirt_r:250:(8.5,-4.0,-0.7):(9.050451,-3.935752,0.161960):(0.0,0.0)
skirt_r:246:(8.8,-4.0,-0.4):(9.660243,-3.966287,0.104983):(0.0,0.0)
waist:206:(7.7,-17.0,8.4):(8.598870,-17.008253,8.078526):(0.0,0.0)
waist:204:(7.9,-17.0,8.9):(8.772373,-16.823486,9.344025):(0.0,0.0)
skirt_r:247:(8.6,-4.0,-0.9):(9.498597,-3.974299,-1.221361):(0.0,0.0)
waist:203:(5.0,-17.0,9.9):(4.379604,-16.858362,10.744177):(0.0,0.0)
skirt_r:244:(5.2,-4.0,0.5):(4.554986,-3.997345,1.338091):(0.0,0.0)
skirt_r:243:(5.2,-4.0,0.0):(4.170543,-4.015385,0.049908):(0.0,0.0)
waist:202:(5.0,-17.0,9.4):(3.974352,-17.088539,9.449903):(0.0,0.0)
skirt_r:240:(4.3,-4.0,0.2):(4.369818,-3.952604,1.243823):(0.0,0.0)
waist:201:(5.1,-17.0,9.5):(5.176603,-16.725122,10.505493):(0.0,0.0)
waist:200:(4.2,-17.0,9.6):(4.276603,-16.725122,10.605494):(0.0,0.0)
skirt_r:242:(5.3,-4.0,0.1):(5.369818,-3.952604,1.143822):(0.0,0.0)
skirt_r:239:(4.4,-4.0,0.6):(5.086196,-3.956825,1.346905):(0.0,0.0)
waist:199:(4.3,-17.0,9.5):(5.268210,-16.933481,9.549904):(0.0,0.0)
waist:198:(4.3,-17.0,10.0):(4.969768,-16.765787,10.725229):(0.0,0.0)
skirt_r:241:(4.4,-4.0,0.1):(5.370307,-3.984623,0.149904):(0.0,0.0)
waist:197:(0.5,-17.0,10.0):(-0.237691,-16.818333,10.732229):(0.0,0.0)
skirt_r:238:(0.5,-4.0,0.7):(-0.227740,-3.977716,1.465492):(0.0,0.0)
skirt_r:237:(0.5,-4.0,0.2):(-0.529456,-4.015385,0.249901):(0.0,0.0)
waist:196:(0.5,-17.0,9.5):(-0.529513,-17.011110,9.549902):(0.0,0.0)
waist:126:(8.5,-8.0,0.0):(7.968924,-8.804144,-0.269233):(0.0,0.0)
skirt_f:295:(12.5,-12.0,3.8):(11.520088,-12.187233,4.098491):(0.0,0.0)
skirt_r:254:(12.2,-10.5,-5.5):(11.401063,-10.881578,-5.962432):(0.0,0.0)
skirt_f:294:(13.5,-18.5,3.8):(12.603514,-18.980804,3.981367):(0.0,0.0)
skirt_f:293:(10.0,-8.0,-1.0):(9.321271,-8.215551,-0.277893):(0.0,0.0)
Material:
(180,32,32,255)::
(255,230,230,255)::
FaceArray:
0,1,2:0
3,2,1:0
4,0,2:0
4,2,5:0
6,4,7:0
4,5,7:0
8,9,10:0
9,11,10:0
12,13,14:0
13,15,14:0
16,12,14:0
16,14,17:0
18,16,19:0
16,17,19:0
20,21,22:0
21,23,22:0
24,25,26:0
25,27,26:0
28,24,26:0
26,29,28:0
30,28,31:0
28,29,31:0
32,33,34:0
34,33,35:0
36,37,38:0
38,37,39:0
40,36,38:0
40,38,41:0
41,38,42:0
43,44,45:0
45,46,43:0
47,48,49:0
47,49,50:0
51,50,49:0
49,52,51:0
53,40,41:0
41,54,53:0
55,56,57:0
57,58,55:0
59,60,61:0
60,62,63:0
60,63,61:0
59,61,64:0
65,59,66:0
59,64,66:0
67,68,69:0
67,69,70:0
71,72,73:0
72,74,73:0
75,71,73:0
73,76,75:0
77,75,78:0
78,75,76:0
79,80,81:0
81,80,82:0
83,84,85:0
85,84,86:0
87,83,85:0
85,88,87:0
89,87,90:0
90,87,88:0
41,42,44:1
44,43,41:1
46,45,48:1
48,47,46:1
91,92,93:0
92,94,93:0
95,96,97:0
96,98,97:0
99,100,101:0
100,102,101:0
99,103,104:0
99,101,103:0
101,105,103:0
105,106,103:0
105,51,52:0
52,106,105:0
103,107,104:0
107,108,104:0
107,109,108:0
110,108,111:0
108,109,111:0
112,113,114:0
113,112,115:0
112,114,116:0
117,112,116:0
118,116,119:0
118,117,116:0
120,121,122:0
120,123,121:0
124,125,126:0
124,127,125:0
124,126,128:0
129,124,128:0
130,128,131:0
130,129,128:0
132,133,134:0
132,135,133:0
136,137,138:0
136,139,137:0
136,138,140:0
140,141,136:0
142,140,143:0
142,141,140:0
144,145,146:0
147,145,144:0
148,149,150:0
151,149,148:0
148,150,152:0
153,148,152:0
154,148,153:0
155,156,157:0
157,158,155:0
159,160,161:0
162,159,161:0
159,162,163:0
163,164,159:0
153,152,165:0
165,166,153:0
167,168,169:0
169,170,167:0
171,172,173:0
174,175,172:0
171,174,172:0
176,171,173:0
177,173,178:0
177,176,173:0
179,180,181:0
182,179,181:0
183,184,185:0
183,186,184:0
183,185,187:0
187,188,183:0
189,187,190:0
188,187,189:0
191,192,193:0
194,192,191:0
195,196,197:0
198,196,195:0
195,197,199:0
199,200,195:0
201,199,202:0
200,199,201:0
156,154,153:1
153,157,156:1
160,155,158:1
158,161,160:1
203,204,100:0
204,102,100:0
204,205,102:0
204,206,205:0
164,163,205:0
205,206,164:0
203,207,204:0
203,110,207:0
110,111,207:0
</>

<shoesA_vp>
l_leg1:female.l_leg1
l_leg2:serika.l_lega2
l_foot:serika.l_shoea
r_leg1:female.r_leg1
r_leg2:serika.r_lega2
r_foot:serika.r_shoea
DynamicVisual:
l_leg1:14:(0.0,-35.0,-1.5):(-0.487187,-35.140530,-2.361917):(0.0,0.0)
l_leg2:3:(1.0,-1.0,-3.0):(1.430171,-1.148411,-3.890466):(1.0,1.0)
l_leg2:2:(-1.5,-1.0,-3.0):(-1.930170,-1.148411,-3.890466):(0.5,1.0)
l_leg1:15:(2.5,-35.0,-1.5):(2.987186,-35.140530,-2.361918):(0.0,0.0)
l_leg1:12:(4.5,-33.5,1.5):(5.482428,-33.591042,1.337055):(0.0,0.0)
l_leg2:0:(3.0,-4.0,0.0):(3.952405,-4.061806,-0.298509):(1.0,0.0)
l_leg2:10:(1.0,-6.0,3.5):(1.716628,-5.943139,4.195136):(0.0,0.0)
l_leg2:11:(-1.5,-6.0,3.5):(-2.210922,-5.939677,4.200678):(0.0,0.0)
l_leg1:13:(-2.0,-33.5,1.5):(-2.991587,-33.547077,1.379422):(0.0,0.0)
l_leg2:1:(-3.5,-4.0,0.0):(-4.453370,-4.049037,-0.297793):(0.5,0.0)
l_leg1:16:(2.5,-31.0,4.5):(3.095111,-31.044964,5.302385):(0.0,0.0)
l_leg1:17:(0.0,-31.0,4.5):(-0.696728,-31.058783,5.214924):(0.0,0.0)
r_leg2:2:(1.5,-1.0,-3.0):(1.930170,-1.148411,-3.890466):(0.5,1.0)
r_leg2:3:(-1.0,-1.0,-3.0):(-1.430171,-1.148411,-3.890466):(1.0,1.0)
r_leg1:14:(-0.0,-35.0,-1.5):(0.487187,-35.140530,-2.361917):(0.0,0.0)
r_leg1:15:(-2.5,-35.0,-1.5):(-2.987186,-35.140530,-2.361918):(0.0,0.0)
r_leg1:12:(-4.5,-33.5,1.5):(-5.482428,-33.591042,1.337055):(0.0,0.0)
r_leg2:0:(-3.0,-4.0,0.0):(-3.963256,-4.061750,-0.261398):(1.0,0.0)
r_leg2:10:(-1.0,-6.0,3.5):(-1.716628,-5.943140,4.195136):(0.0,0.0)
r_leg2:1:(3.5,-4.0,0.0):(4.461489,-4.048536,-0.270527):(0.5,0.0)
r_leg1:13:(2.0,-33.5,1.5):(2.991587,-33.547077,1.379422):(0.0,0.0)
r_leg2:11:(1.5,-6.0,3.5):(2.210922,-5.939678,4.200678):(0.0,0.0)
r_leg1:16:(-2.5,-31.0,4.5):(-3.095111,-31.044964,5.302385):(0.0,0.0)
r_leg1:17:(-0.0,-31.0,4.5):(0.696728,-31.058783,5.214924):(0.0,0.0)
l_leg2:22:(-1.6,-35.0,-1.8):(-2.118183,-35.040466,-2.654314):(0.0,0.0)
l_leg2:23:(0.7,-35.0,-1.8):(1.232564,-35.051231,-2.644840):(0.0,0.0)
l_foot:31:(-1.3,-1.0,-3.7):(-0.843831,-1.125850,-2.819051):(0.0,0.0)
l_foot:30:(1.8,-1.0,-3.7):(1.343832,-1.125850,-2.819051):(0.0,0.0)
l_foot:34:(2.4,-2.0,-3.0):(2.018779,-1.412938,-2.285837):(0.0,0.0)
l_leg2:20:(1.8,-35.0,0.5):(2.794467,-35.061321,0.414674):(0.0,0.0)
l_foot:35:(2.7,-2.0,1.0):(2.700002,-1.000000,1.000001):(0.0,0.0)
l_leg2:24:(0.6,-35.0,3.4):(1.153335,-35.106995,4.226060):(0.0,0.0)
l_foot:36:(1.5,-2.0,2.7):(1.500002,-1.000000,2.700001):(0.0,0.0)
l_foot:37:(-1.0,-2.0,2.7):(-1.000002,-1.000000,2.700001):(0.0,0.0)
l_leg2:25:(-1.6,-35.0,3.4):(-2.154673,-35.090839,4.227096):(0.0,0.0)
l_foot:33:(-2.2,-2.0,1.0):(-2.200002,-1.000000,1.000001):(0.0,0.0)
l_leg2:21:(-2.8,-35.0,0.5):(-3.794820,-35.038845,0.406047):(0.0,0.0)
l_foot:32:(-1.9,-2.0,-3.0):(-1.518780,-1.412938,-2.285836):(0.0,0.0)
r_foot:31:(1.3,-1.0,-3.7):(0.843832,-1.125854,-2.819050):(0.0,0.0)
r_leg2:23:(-0.7,-35.0,-1.8):(-1.232564,-35.051231,-2.644840):(0.0,0.0)
r_leg2:22:(1.6,-35.0,-1.8):(2.118182,-35.040466,-2.654314):(0.0,0.0)
r_foot:30:(-1.8,-1.0,-3.7):(-1.343832,-1.125854,-2.819051):(0.0,0.0)
r_foot:34:(-2.4,-2.0,-3.0):(-2.018780,-1.412935,-2.285837):(0.0,0.0)
r_leg2:20:(-1.8,-35.0,0.5):(-2.794467,-35.061321,0.414675):(0.0,0.0)
r_foot:35:(-2.7,-2.0,1.0):(-2.700002,-0.999997,1.000001):(0.0,0.0)
r_leg2:24:(-0.6,-35.0,3.4):(-1.153335,-35.106995,4.226060):(0.0,0.0)
r_foot:36:(-1.5,-2.0,2.7):(-1.500002,-0.999997,2.700001):(0.0,0.0)
r_foot:37:(1.0,-2.0,2.7):(1.000002,-0.999997,2.700001):(0.0,0.0)
r_leg2:25:(1.6,-35.0,3.4):(2.154672,-35.090839,4.227096):(0.0,0.0)
r_foot:33:(2.2,-2.0,1.0):(2.200002,-0.999997,1.000001):(0.0,0.0)
r_leg2:21:(2.8,-35.0,0.5):(3.794820,-35.038845,0.406047):(0.0,0.0)
r_foot:32:(1.9,-2.0,-3.0):(1.518780,-1.412935,-2.285836):(0.0,0.0)
Material:
(64,64,100,255)::
(255,225,200,255)::
FaceArray:
0,1,2:1
0,3,1:1
1,3,4:1
1,4,5:1
5,4,6:1
7,8,9:1
9,8,2:1
2,8,0:1
4,10,6:1
6,10,11:1
11,7,6:1
7,11,8:1
12,13,14:1
13,15,14:1
16,15,13:1
17,16,13:1
18,16,17:1
19,20,21:1
12,20,19:1
14,20,12:1
18,22,16:1
23,22,18:1
18,21,23:1
20,23,21:1
24,25,26:0
25,27,26:0
25,28,27:0
25,29,28:0
29,30,28:0
29,31,30:0
31,32,30:0
31,33,32:0
31,34,33:0
34,35,33:0
34,36,35:0
36,37,35:0
36,24,37:0
24,26,37:0
38,39,40:0
38,41,39:0
41,42,39:0
42,43,39:0
42,44,43:0
44,45,43:0
44,46,45:0
46,47,45:0
47,48,45:0
47,49,48:0
49,50,48:0
49,51,50:0
51,40,50:0
51,38,40:0
</>
