
<frame>
class:human.female
body::(0.0,0.0,0.0):(0.0,0.0,0.0):HPb:
head:body:(0.0,31.0,1.0):(0.0,0.0,0.0):HPb:
l_breast:body:(4.5,13.0,-5.5):(0.0,0.0,0.0):---:(1.0,1.0,0.8)
r_breast:body:(-4.5,13.0,-5.5):(0.0,0.0,0.0):---:(1.0,1.0,0.8)
l_arm1:body:(9.0,19.0,1.5):(0.0,0.0,0.0):bPh:
l_arm2:l_arm1:(0.5,-19.0,0.2):(0.0,0.0,0.0):HPB:
l_hand:l_arm2:(0.0,-18.0,0.2):(0.0,0.0,0.0):Hbp:
r_arm1:body:(-9.0,19.0,1.5):(0.0,0.0,0.0):bPh:
r_arm2:r_arm1:(-0.5,-19.0,0.2):(0.0,0.0,0.0):HPB:
r_hand:r_arm2:(0.0,-18.0,0.2):(0.0,0.0,0.0):Hbp:
waist:body:(0.0,0.0,0.0):(0.0,0.0,0.0):HPB:
l_leg1:waist:(3.5,-14.5,0.0):(0.0,0.0,0.0):bPh:
l_leg2:l_leg1:(1.5,-35.5,1.5):(0.0,0.0,0.0):bPh:
l_foot:l_leg2:(-0.5,-38.0,0.5):(0.0,0.0,0.0):HPB:
r_leg1:waist:(-3.5,-14.5,0.0):(0.0,0.0,0.0):bPh:
r_leg2:r_leg1:(-1.5,-35.5,1.5):(0.0,0.0,0.0):bPh:
r_foot:r_leg2:(0.5,-38.0,0.5):(0.0,0.0,0.0):HPB:
</>

<skin>
1,0,0,0,0,0,0:seven.head
0,1,0,0,0,0,0:female.body
0,0,1,0,0,0,0:female.arms
0,0,0,2,0,0,0:female.l_hand
0,0,0,1,0,0,0:female.r_hand
0,0,0,0,1,0,0:female.waist
0,0,0,0,0,0,0:seven.tail
0,0,0,0,0,1,0:female.legs
0,0,0,0,0,0,1:female.foots
</>

<defaultcos>
seven.suit
seven.collar
seven.gauntlets
seven.boots
</>

<head>
head:seven.head
</>

<tail>
waist:seven.tail
</>

<suit>
class:human.female
0,3,0,0,3,0,0:seven.suit_vp
</>

<collar>
class:human.
0,4,0,0,0,0,0:seven.collar_vp
</>

<boots>
class:human.
0,0,0,0,0,3,3:seven.boots_vp
</>

<gauntlets>
class:human.
0,0,3,3,0,0,0:seven.gauntlets_vp
</>

<collar_vp>
body:seven.collar
</>

<suit_vp>
body:seven.suit
l_breast:seven.suit_lb
r_breast:seven.suit_rb
waist:seven.suit2
l_leg1:seven.l_suitn
r_leg1:seven.r_suitn
DynamicVisual:
body:1:(4.5,4.0,4.5):(4.930764,3.870684,5.428180):(0.5,0.0)
waist:0:(4.5,-3.0,4.5):(4.870790,-2.692892,5.413267):(1.0,0.0)
body:10:(-4.5,4.0,4.5):(-4.930667,3.870750,5.428240):(0.0,0.0)
waist:1:(-4.5,-3.0,4.5):(-4.870790,-2.692892,5.413267):(0.5,0.0)
body:30:(-9.0,18.5,-2.0):(-9.773236,18.682634,-2.517664):(0.0,0.0)
body:24:(-8.5,15.0,-1.0):(-9.467459,14.923175,-0.946727):(0.0,0.0)
r_arm1:5:(1.0,-3.0,-2.5):(1.364588,-2.960278,-3.430322):(0.0,0.0)
r_arm1:9:(2.0,-4.0,0.0):(2.999955,-4.009483,0.000000):(0.0,0.0)
r_arm1:13:(1.0,-3.0,2.5):(1.364588,-2.960278,3.430321):(0.0,0.0)
body:29:(-8.5,15.0,3.0):(-9.253429,14.719778,3.605215):(0.0,0.0)
body:31:(-9.0,17.5,4.0):(-9.667886,17.335426,4.747372):(0.0,0.0)
r_arm1:11:(-1.8,-0.0,2.0):(-2.490121,0.134413,2.711102):(0.0,0.0)
body:33:(-8.5,22.5,4.0):(-9.012983,23.265198,4.396477):(0.0,0.0)
r_arm1:0:(-3.0,1.0,0.0):(-3.980580,1.196116,0.000000):(1.0,0.0)
body:32:(-8.5,22.5,0.0):(-8.924502,23.366173,-0.158826):(0.0,0.0)
r_arm1:3:(-1.8,-0.0,-2.0):(-2.490121,0.134414,-2.711102):(1.0,1.0)
r_breast:19:(3.0,1.3,-2.2):(3.381310,1.656464,-3.071435):(0.0,0.0)
body:53:(-0.6,15.1,-6.6):(-0.615155,15.463760,-7.502905):(0.0,0.0)
body:7:(-2.0,17.2,-5.7):(-2.045154,17.665434,-6.556325):(0.0,0.0)
r_breast:21:(1.6,2.8,-1.8):(1.749777,3.320642,-2.579449):(0.0,0.0)
body:48:(-4.6,18.0,-5.3):(-4.629852,18.447441,-6.162512):(0.0,0.0)
r_breast:17:(-0.3,3.3,-1.4):(-0.471190,3.942954,-2.172250):(0.0,0.0)
body:49:(-6.9,17.4,-4.8):(-7.399792,17.874910,-5.461776):(0.0,0.0)
r_breast:15:(-2.3,2.8,-1.1):(-2.712632,3.340148,-1.770143):(0.0,0.0)
body:50:(-8.5,15.7,-4.5):(-9.498314,15.910224,-4.630585):(0.0,0.0)
r_breast:13:(-3.7,1.3,-0.8):(-4.483250,1.665040,-1.309649):(0.0,0.0)
r_breast:3:(-4.4,-0.5,1.3):(-5.423798,-0.500932,1.156470):(0.0,0.0)
body:47:(-8.6,12.5,-2.8):(-9.556829,12.401334,-2.643140):(0.0,0.0)
body:51:(-8.1,10.3,-3.0):(-9.068843,10.008326,-2.850980):(0.0,0.0)
r_breast:4:(-3.7,-2.5,-0.8):(-4.506195,-2.890049,-1.248185):(0.0,0.0)
body:28:(-7.7,9.0,-3.7):(-8.581652,8.694932,-3.926869):(0.0,0.0)
r_breast:6:(-1.7,-2.8,-2.8):(-2.193745,-3.263557,-3.631373):(0.0,0.0)
body:23:(-4.8,6.3,-5.8):(-5.192574,5.953558,-6.587814):(0.0,0.0)
r_breast:7:(-0.6,-3.1,-3.0):(-0.784736,-3.537189,-3.950459):(0.0,0.0)
r_breast:12:(0.5,-2.8,-3.2):(0.632588,-3.248878,-4.141949):(0.0,0.0)
body:6:(-2.0,6.7,-6.1):(-2.060389,6.399119,-6.999504):(0.0,0.0)
r_breast:10:(3.0,-2.5,-2.2):(3.444648,-2.897011,-3.023387):(0.0,0.0)
body:73:(-0.2,6.7,-6.3):(0.152779,6.431167,-7.157433):(0.0,0.0)
body:25:(-7.5,4.0,0.0):(-8.443258,3.768497,0.047315):(0.0,0.0)
waist:15:(-7.0,-3.0,0.0):(-7.914792,-2.671135,0.044988):(0.0,0.0)
body:14:(-4.5,4.0,-5.0):(-4.930131,3.642416,-5.762997):(0.0,0.0)
waist:2:(-4.5,-3.0,-5.0):(-4.953559,-2.787488,-5.799463):(0.5,1.0)
waist:31:(-0.2,-3.0,-5.5):(0.005963,-2.759126,-6.404490):(0.0,0.0)
body:75:(-0.2,4.0,-5.5):(0.002371,3.719097,-6.394144):(0.0,0.0)
body:76:(0.2,4.0,-5.1):(0.921651,3.794946,-5.742176):(0.0,0.0)
waist:32:(0.2,-3.0,-5.1):(0.925881,-2.825915,-5.746406):(0.0,0.0)
waist:41:(-3.0,-13.0,-6.0):(-3.273066,-13.047039,-6.910940):(0.0,0.0)
r_leg1:4:(1.0,-9.0,-5.3):(1.000000,-9.973249,-5.529754):(0.0,0.0)
r_leg1:3:(-3.3,-1.0,-5.3):(-3.921790,-1.000000,-6.083185):(1.0,1.0)
waist:16:(-7.0,-10.0,-4.5):(-7.564242,-9.851837,-5.240940):(0.0,0.0)
waist:35:(0.0,-14.0,-6.5):(0.000000,-14.089311,-7.446099):(0.0,0.0)
l_leg1:4:(-1.0,-9.0,-5.3):(-1.000000,-9.973249,-5.529754):(0.0,0.0)
waist:50:(3.0,-14.0,-6.0):(2.970427,-14.707107,-5.242990):(0.0,0.0)
waist:49:(-3.0,-14.0,-6.0):(-2.970427,-14.707107,-5.242990):(0.0,0.0)
r_leg1:2:(-6.8,-1.5,0.0):(-7.798721,-1.500000,-0.050540):(0.5,1.0)
waist:18:(-9.0,-9.0,0.0):(-9.928150,-8.738090,0.168912):(0.0,0.0)
waist:26:(-8.7,-16.0,3.5):(-9.607155,-15.944424,3.895516):(0.0,0.0)
r_leg1:7:(-2.3,-7.0,-4.3):(-1.980888,-7.546644,-3.525825):(0.0,0.0)
r_leg1:12:(1.0,-8.0,-5.0):(1.753636,-8.092896,-5.650696):(0.5,1.0)
waist:17:(-2.5,-15.5,-5.0):(-2.767488,-15.929462,-5.802927):(0.0,0.0)
waist:19:(-1.0,-19.5,0.0):(-0.874568,-20.457184,-0.223251):(0.0,0.0)
r_leg1:11:(2.5,-8.0,0.0):(3.498131,-8.021533,0.057211):(0.5,0.0)
r_leg1:15:(1.5,-8.0,5.0):(2.133595,-8.023760,5.773300):(0.0,0.0)
waist:25:(-0.5,-20.0,5.5):(0.265107,-20.491314,6.016381):(0.0,0.0)
waist:24:(-6.5,-19.5,5.5):(-6.552237,-20.025764,6.396595):(0.0,0.0)
r_leg1:14:(-3.0,-8.0,5.0):(-3.461316,-8.028832,5.886768):(0.0,0.0)
waist:42:(0.2,-3.0,-5.5):(-0.005963,-2.759126,-6.404490):(0.0,0.0)
body:124:(0.2,4.0,-5.5):(-0.002371,3.719097,-6.394144):(0.0,0.0)
body:82:(2.2,25.0,5.2):(2.532978,25.506517,5.995342):(0.0,0.0)
body:117:(2.2,28.0,5.2):(2.501833,28.948687,5.294322):(0.0,0.0)
body:64:(-2.2,28.0,5.2):(-2.501833,28.948687,5.294322):(0.0,0.0)
body:22:(-2.2,25.0,5.2):(-2.532978,25.506517,5.995342):(0.0,0.0)
body:126:(-0.2,4.0,-5.1):(-0.921651,3.794946,-5.742176):(0.0,0.0)
waist:43:(-0.2,-3.0,-5.1):(-0.925881,-2.825915,-5.746406):(0.0,0.0)
r_leg1:1:(-3.5,-9.0,6.3):(-3.520693,-9.213529,5.323283):(0.5,0.0)
waist:55:(-7.0,-20.0,6.5):(-7.418913,-20.268099,7.402536):(0.0,0.0)
waist:53:(-1.0,-20.5,7.0):(-1.022531,-20.788084,8.006090):(0.0,0.0)
r_leg1:6:(1.5,-9.0,6.3):(1.500001,-9.000000,5.300001):(0.0,0.0)
waist:54:(1.0,-20.5,7.0):(1.022531,-20.788084,8.006090):(0.0,0.0)
l_leg1:6:(-1.5,-9.0,6.3):(-1.500000,-9.000000,5.300001):(0.0,0.0)
r_leg1:9:(-3.0,-7.0,6.3):(-2.492656,-7.126836,5.447642):(0.0,0.0)
waist:56:(-5.0,-20.0,6.2):(-4.863400,-20.129560,5.264125):(0.0,0.0)
waist:44:(-1.0,-20.5,6.7):(-0.916833,-20.641850,5.761467):(0.0,0.0)
waist:45:(1.0,-20.5,6.7):(0.916833,-20.641850,5.761467):(0.0,0.0)
r_leg1:8:(-6.3,-7.0,0.0):(-5.412971,-7.388139,0.250056):(0.0,0.0)
waist:48:(-5.0,-12.5,-4.5):(-5.280123,-12.600493,-5.395608):(0.0,0.0)
r_breast:9:(3.5,-0.6,-2.3):(4.011408,-0.604655,-3.156007):(0.0,0.0)
l_breast:23:(-4.8,-0.9,-2.1):(-4.157307,-1.091592,-2.816496):(0.0,0.0)
body:71:(-0.2,15.1,-6.6):(0.217170,15.428174,-7.411531):(0.0,0.0)
l_breast:24:(-4.3,-0.9,-1.7):(-3.657307,-1.091592,-2.416496):(0.0,0.0)
body:72:(0.2,15.1,-6.2):(0.912339,15.360110,-6.832864):(0.0,0.0)
l_breast:25:(-4.8,-2.9,-1.6):(-4.157307,-3.091592,-2.316497):(0.0,0.0)
l_breast:26:(-4.3,-2.9,-1.2):(-3.657307,-3.091592,-1.916497):(0.0,0.0)
body:74:(0.2,6.7,-5.9):(0.921651,6.494946,-6.542176):(0.0,0.0)
body:123:(0.2,6.7,-6.3):(-0.152779,6.431167,-7.157433):(0.0,0.0)
r_breast:23:(4.8,-0.9,-2.1):(4.157307,-1.091592,-2.816496):(0.0,0.0)
body:122:(0.2,15.1,-6.6):(-0.217170,15.428174,-7.411531):(0.0,0.0)
r_breast:24:(4.3,-0.9,-1.7):(3.657307,-1.091592,-2.416496):(0.0,0.0)
body:127:(-0.2,15.1,-6.2):(-0.912339,15.360110,-6.832864):(0.0,0.0)
r_breast:25:(4.8,-2.9,-1.6):(4.157307,-3.091592,-2.316497):(0.0,0.0)
r_breast:26:(4.3,-2.9,-1.2):(3.657307,-3.091592,-1.916497):(0.0,0.0)
body:125:(-0.2,6.7,-5.9):(-0.921651,6.494946,-6.542176):(0.0,0.0)
l_arm1:5:(-1.0,-3.0,-2.5):(-1.364588,-2.960278,-3.430322):(0.0,0.0)
body:84:(8.5,15.0,-1.0):(9.467459,14.923175,-0.946727):(0.0,0.0)
body:90:(9.0,18.5,-2.0):(9.773236,18.682634,-2.517664):(0.0,0.0)
l_arm1:9:(-2.0,-4.0,0.0):(-2.999955,-4.009483,0.000000):(0.0,0.0)
l_arm1:13:(-1.0,-3.0,2.5):(-1.364588,-2.960278,3.430321):(0.0,0.0)
body:89:(8.5,15.0,3.0):(9.253429,14.719778,3.605215):(0.0,0.0)
body:91:(9.0,17.5,4.0):(9.667886,17.335426,4.747372):(0.0,0.0)
l_arm1:11:(1.8,-0.0,2.0):(2.490121,0.134413,2.711102):(0.0,0.0)
body:93:(8.5,22.5,4.0):(9.012983,23.265198,4.396477):(0.0,0.0)
l_arm1:0:(3.0,1.0,0.0):(3.980580,1.196116,0.000000):(1.0,0.0)
l_arm1:3:(1.8,-0.0,-2.0):(2.490121,0.134414,-2.711102):(1.0,1.0)
body:92:(8.5,22.5,0.0):(8.924502,23.366173,-0.158826):(0.0,0.0)
body:112:(0.6,15.1,-6.6):(0.615155,15.463760,-7.502905):(0.0,0.0)
body:77:(2.0,17.2,-5.7):(2.045154,17.665434,-6.556325):(0.0,0.0)
l_breast:19:(-3.0,1.3,-2.2):(-3.404442,1.675810,-3.053236):(0.0,0.0)
l_breast:21:(-1.6,2.8,-1.8):(-1.772606,3.340148,-2.561012):(0.0,0.0)
body:108:(4.6,18.0,-5.3):(4.629852,18.447441,-6.162512):(0.0,0.0)
l_breast:17:(0.3,3.3,-1.4):(0.471189,3.942954,-2.172249):(0.0,0.0)
body:109:(6.9,17.4,-4.8):(7.399792,17.874910,-5.461776):(0.0,0.0)
l_breast:15:(2.3,2.8,-1.1):(2.712632,3.340148,-1.770143):(0.0,0.0)
body:110:(8.5,15.7,-4.5):(9.498314,15.910224,-4.630585):(0.0,0.0)
l_breast:13:(3.7,1.3,-0.8):(4.483250,1.665040,-1.309649):(0.0,0.0)
l_breast:3:(4.4,-0.5,1.3):(5.423798,-0.500932,1.156470):(0.0,0.0)
body:107:(8.6,12.5,-2.8):(9.556829,12.401334,-2.643140):(0.0,0.0)
body:111:(8.1,10.3,-3.0):(9.068843,10.008326,-2.850980):(0.0,0.0)
l_breast:4:(3.7,-2.5,-0.8):(4.506195,-2.890050,-1.248185):(0.0,0.0)
body:88:(7.7,9.0,-3.7):(8.581652,8.694932,-3.926869):(0.0,0.0)
l_breast:6:(1.7,-2.8,-2.8):(2.193744,-3.263557,-3.631373):(0.0,0.0)
body:83:(4.8,6.3,-5.8):(5.192574,5.953558,-6.587814):(0.0,0.0)
l_breast:7:(0.6,-3.1,-3.0):(0.784735,-3.537189,-3.950459):(0.0,0.0)
l_breast:12:(-0.5,-2.8,-3.2):(-0.632588,-3.248878,-4.141949):(0.0,0.0)
body:52:(2.0,6.7,-6.1):(2.060389,6.399119,-6.999504):(0.0,0.0)
l_breast:10:(-3.0,-2.5,-2.2):(-3.444647,-2.897011,-3.023387):(0.0,0.0)
body:85:(7.5,4.0,0.0):(8.443258,3.768497,0.047315):(0.0,0.0)
waist:59:(7.0,-3.0,0.0):(7.914792,-2.671135,0.044988):(0.0,0.0)
body:5:(4.5,4.0,-5.0):(4.930131,3.642416,-5.762997):(0.0,0.0)
waist:57:(4.5,-3.0,-5.0):(4.953559,-2.787488,-5.799463):(0.0,0.0)
l_leg1:3:(3.3,-1.0,-5.3):(3.921789,-1.000000,-6.083185):(1.0,1.0)
waist:71:(3.0,-13.0,-6.0):(3.273066,-13.047039,-6.910940):(0.0,0.0)
waist:60:(7.0,-10.0,-4.5):(7.564242,-9.851837,-5.240940):(0.0,0.0)
l_leg1:2:(6.8,-1.5,0.0):(7.798721,-1.500000,-0.050540):(0.5,1.0)
waist:62:(9.0,-9.0,0.0):(9.928150,-8.738090,0.168912):(0.0,0.0)
waist:67:(8.7,-16.0,3.5):(9.607155,-15.944424,3.895516):(0.0,0.0)
l_leg1:7:(2.3,-7.0,-4.3):(1.980888,-7.546644,-3.525825):(0.0,0.0)
waist:5:(1.0,-19.5,0.0):(0.874568,-20.457184,-0.223251):(0.0,0.0)
waist:61:(2.5,-15.5,-5.0):(2.767488,-15.929462,-5.802927):(0.0,0.0)
l_leg1:12:(-1.0,-8.0,-5.0):(-1.753636,-8.092896,-5.650696):(0.5,0.0)
l_leg1:11:(-2.5,-8.0,0.0):(-3.498131,-8.021533,0.057211):(1.0,0.0)
l_leg1:15:(-1.5,-8.0,5.0):(-2.133595,-8.023760,5.773300):(0.0,0.0)
waist:9:(0.5,-20.0,5.5):(-0.265107,-20.491314,6.016381):(0.0,0.0)
waist:66:(6.5,-19.5,5.5):(6.552237,-20.025764,6.396595):(0.0,0.0)
l_leg1:14:(3.0,-8.0,5.0):(3.461316,-8.028832,5.886768):(1.0,1.0)
l_leg1:1:(3.5,-9.0,6.3):(3.520693,-9.213529,5.323283):(0.5,0.0)
waist:73:(7.0,-20.0,6.5):(7.418913,-20.268099,7.402536):(0.0,0.0)
waist:74:(5.0,-20.0,6.2):(4.863400,-20.129560,5.264125):(0.0,0.0)
l_leg1:9:(3.0,-7.0,6.3):(2.492657,-7.126836,5.447642):(0.5,0.0)
l_leg1:8:(6.3,-7.0,0.0):(5.412970,-7.388139,0.250056):(1.0,0.0)
waist:72:(5.0,-12.5,-4.5):(5.280123,-12.600493,-5.395608):(0.0,0.0)
l_breast:9:(-3.5,-0.6,-2.3):(-4.011408,-0.604655,-3.156007):(0.0,0.0)
Material:
(255,225,200,255)::
(60,100,180,255)::
FaceArray:
2,1,0:1
1,2,3:1
4,5,6:0
5,7,6:0
5,8,7:0
5,9,8:0
9,10,8:0
10,11,8:0
10,12,11:0
12,13,11:0
14,15,13:0
13,12,14:0
14,6,15:0
14,4,6:0
16,18,17:1
19,18,16:1
20,18,19:1
21,20,19:1
22,20,21:1
23,22,21:1
24,22,23:1
25,24,23:1
26,24,25:1
27,24,26:1
28,27,26:1
26,29,28:1
29,30,28:1
29,31,30:1
31,32,30:1
31,33,32:1
33,34,32:1
34,35,32:1
34,36,35:1
36,37,35:1
2,38,3:1
38,39,3:1
38,40,39:1
40,41,39:1
40,42,41:1
40,43,42:1
43,44,42:1
44,45,42:1
46,47,48:1
46,48,49:1
46,50,47:1
50,51,47:1
51,52,53:1
53,47,51:1
48,54,49:1
54,55,49:1
54,56,55:1
57,47,53:1
58,59,60:0
58,60,61:0
61,60,62:0
62,60,63:0
62,63,64:0
62,64,65:0
68,69,70:1
70,71,68:1
66,72,67:1
66,73,72:1
56,54,74:1
74,75,56:1
76,75,77:1
77,75,74:1
78,76,79:1
79,76,77:1
80,81,82:1
80,82,77:1
77,82,79:1
82,83,79:1
84,81,80:1
58,85,59:0
16,17,86:1
86,17,87:1
17,88,87:1
88,89,87:1
88,90,89:1
86,87,91:1
86,91,36:1
36,91,37:1
37,91,92:1
92,93,37:1
95,97,96:1
97,98,96:1
100,99,94:1
94,101,100:1
102,103,104:0
102,105,103:0
105,106,103:0
106,107,103:0
106,108,107:0
106,109,108:0
109,110,108:0
109,111,110:0
111,112,113:0
113,110,111:0
112,102,113:0
102,104,113:0
114,115,116:1
116,115,117:1
117,115,118:1
117,118,119:1
119,118,120:1
119,120,121:1
121,120,122:1
121,122,123:1
123,122,124:1
124,122,125:1
124,125,126:1
126,127,124:1
126,128,127:1
128,129,127:1
128,130,129:1
130,131,129:1
130,132,131:1
130,133,132:1
133,134,132:1
133,94,134:1
1,135,0:1
1,136,135:1
136,137,135:1
136,138,137:1
138,66,137:1
66,67,137:1
139,51,140:1
141,139,140:1
51,50,140:1
141,142,139:1
141,143,142:1
143,144,142:1
52,51,145:1
146,147,148:0
149,146,148:0
150,146,149:0
151,146,150:0
152,151,150:0
153,152,150:0
154,142,144:1
144,155,154:1
79,155,78:1
154,155,79:1
83,156,157:1
79,83,157:1
157,156,158:1
147,159,148:0
160,114,116:1
95,114,160:1
95,96,114:1
99,95,160:1
134,99,160:1
94,99,134:1
</>

<boots_vp>
l_leg1:seven.l_boot1
l_leg2:seven.l_boot2
l_foot:seven.l_boot3
r_leg1:seven.r_boot1
r_leg2:seven.r_boot2
r_foot:seven.r_boot3
DynamicVisual:
r_leg2:1:(3.5,-4.0,0.0):(4.454597,-4.040752,-0.295099):(0.5,0.0)
r_leg1:14:(0.0,-35.0,-1.5):(0.486693,-35.131565,-2.363610):(0.0,0.0)
r_leg1:13:(2.0,-33.5,1.5):(2.991338,-33.548676,1.378019):(0.0,0.0)
r_leg2:2:(1.5,-1.0,-3.0):(1.930170,-1.148411,-3.890466):(0.5,1.0)
r_leg1:15:(-2.5,-35.0,-1.5):(-2.985650,-35.126587,-2.364940):(0.0,0.0)
r_leg2:3:(-1.0,-1.0,-3.0):(-1.430171,-1.148411,-3.890466):(1.0,1.0)
r_leg2:0:(-3.0,-4.0,0.0):(-3.954600,-4.040752,-0.295099):(1.0,0.0)
r_leg1:12:(-4.5,-33.5,1.5):(-5.476725,-33.590260,1.305409):(0.0,0.0)
r_leg2:10:(-1.0,-6.0,3.5):(-1.674780,-5.931829,4.234865):(0.0,0.0)
r_leg1:16:(-2.5,-31.0,4.5):(-3.091266,-31.033466,5.305782):(0.0,0.0)
r_leg2:11:(1.5,-6.0,3.5):(2.174778,-5.931829,4.234865):(0.0,0.0)
r_leg1:17:(0.0,-31.0,4.5):(0.705614,-31.041849,5.207360):(0.0,0.0)
r_foot:20:(-1.5,-1.0,-4.0):(-2.037600,-0.505803,-4.683196):(0.0,0.0)
r_leg2:17:(-0.5,-35.0,-1.5):(-1.025212,-35.046360,-2.349710):(0.0,0.0)
r_foot:21:(1.0,-1.0,-4.0):(1.528024,-0.458911,-4.654533):(0.0,0.0)
r_leg2:16:(1.5,-35.0,-1.5):(2.025583,-35.035431,-2.350006):(0.0,0.0)
r_leg2:14:(-1.5,-35.0,0.5):(-2.491973,-35.062275,0.389909):(0.0,0.0)
r_foot:4:(-2.5,-2.0,-2.0):(-3.485358,-1.880241,-2.121372):(0.0,0.0)
r_foot:12:(-2.5,-2.0,1.0):(-3.455032,-1.928086,1.287658):(0.0,0.0)
r_leg2:18:(-0.5,-35.0,3.0):(-1.058245,-35.113132,3.821930):(0.0,0.0)
r_foot:16:(-1.5,-2.0,2.5):(-1.965644,-1.785363,3.358551):(0.0,0.0)
r_leg2:19:(1.5,-35.0,3.0):(2.059644,-35.096844,3.823057):(0.0,0.0)
r_foot:18:(1.0,-2.0,2.5):(1.496229,-1.789432,3.342273):(0.0,0.0)
r_leg2:15:(2.5,-35.0,0.5):(3.493877,-35.039314,0.396722):(0.0,0.0)
r_foot:14:(2.0,-2.0,1.0):(2.964793,-1.936208,1.255168):(0.0,0.0)
r_foot:10:(2.0,-2.0,-2.0):(2.989960,-1.870978,-2.057779):(0.0,0.0)
l_leg1:13:(-2.0,-33.5,1.5):(-2.991338,-33.548676,1.378019):(0.0,0.0)
l_leg1:14:(0.0,-35.0,-1.5):(-0.486693,-35.131565,-2.363610):(0.0,0.0)
l_leg2:1:(-3.5,-4.0,0.0):(-4.454597,-4.040752,-0.295099):(0.5,0.0)
l_leg2:2:(-1.5,-1.0,-3.0):(-1.930170,-1.148411,-3.890466):(0.5,1.0)
l_leg1:15:(2.5,-35.0,-1.5):(2.985649,-35.126587,-2.364940):(0.0,0.0)
l_leg2:3:(1.0,-1.0,-3.0):(1.430171,-1.148411,-3.890466):(1.0,1.0)
l_leg2:0:(3.0,-4.0,0.0):(3.954600,-4.040752,-0.295099):(1.0,0.0)
l_leg1:12:(4.5,-33.5,1.5):(5.476725,-33.590260,1.305409):(0.0,0.0)
l_leg2:10:(1.0,-6.0,3.5):(1.674780,-5.931829,4.234865):(0.0,0.0)
l_leg1:16:(2.5,-31.0,4.5):(3.091265,-31.033466,5.305782):(0.0,0.0)
l_leg2:11:(-1.5,-6.0,3.5):(-2.174778,-5.931829,4.234865):(0.0,0.0)
l_leg1:17:(0.0,-31.0,4.5):(-0.705614,-31.041849,5.207360):(0.0,0.0)
l_foot:21:(-1.0,-1.0,-4.0):(-1.528024,-0.458911,-4.654533):(0.0,0.0)
l_leg2:17:(0.5,-35.0,-1.5):(1.025212,-35.046360,-2.349710):(0.0,0.0)
l_foot:20:(1.5,-1.0,-4.0):(2.037600,-0.505803,-4.683196):(0.0,0.0)
l_leg2:16:(-1.5,-35.0,-1.5):(-2.025583,-35.035431,-2.350006):(0.0,0.0)
l_leg2:14:(1.5,-35.0,0.5):(2.491973,-35.062275,0.389909):(0.0,0.0)
l_foot:4:(2.5,-2.0,-2.0):(3.485358,-1.880241,-2.121372):(0.0,0.0)
l_foot:12:(2.5,-2.0,1.0):(3.456171,-1.951861,1.288833):(0.0,0.0)
l_leg2:18:(0.5,-35.0,3.0):(1.058245,-35.113132,3.821930):(0.0,0.0)
l_foot:16:(1.5,-2.0,2.5):(1.969330,-1.810464,3.362443):(0.0,0.0)
l_leg2:19:(-1.5,-35.0,3.0):(-2.059644,-35.096844,3.823057):(0.0,0.0)
l_foot:18:(-1.0,-2.0,2.5):(-1.490328,-1.811774,3.350972):(0.0,0.0)
l_leg2:15:(-2.5,-35.0,0.5):(-3.493877,-35.039314,0.396722):(0.0,0.0)
l_foot:14:(-2.0,-2.0,1.0):(-2.962904,-1.955636,1.266183):(0.0,0.0)
l_foot:10:(-2.0,-2.0,-2.0):(-2.989960,-1.870978,-2.057779):(0.0,0.0)
Material:
(60,100,180,255)::
(255,225,200,255)::
FaceArray:
0,1,2:0
0,3,1:0
3,4,1:0
3,5,4:0
5,6,4:0
6,7,4:0
6,8,7:0
8,9,7:0
8,10,9:0
10,11,9:0
10,2,11:0
10,0,2:0
12,13,14:0
14,13,15:0
16,13,12:0
12,17,16:0
17,18,16:0
18,19,16:0
18,20,19:0
20,21,19:0
20,22,21:0
22,23,21:0
23,22,24:0
24,25,23:0
25,15,23:0
25,14,15:0
26,27,28:0
27,29,28:0
27,30,29:0
30,31,29:0
30,32,31:0
30,33,32:0
33,34,32:0
33,35,34:0
35,36,34:0
35,37,36:0
37,26,36:0
26,28,36:0
38,39,40:0
41,39,38:0
40,39,42:0
42,43,40:0
42,44,43:0
42,45,44:0
45,46,44:0
45,47,46:0
47,48,46:0
47,49,48:0
50,48,49:0
49,51,50:0
49,41,51:0
41,38,51:0
</>

<gauntlets_vp>
l_arm1:seven.l_gauntlet1
l_arm2:seven.l_gauntlet2
l_hand:seven.l_gauntlet3
r_arm1:seven.r_gauntlet1
r_arm2:seven.r_gauntlet2
r_hand:seven.r_gauntlet3
DynamicVisual:
l_arm2:1:(1.5,-2.2,-2.0):(2.007889,-2.108231,-2.856521):(0.5,0.0)
l_arm1:18:(-0.7,-17.5,-2.0):(-1.219833,-17.547983,-2.852921):(0.0,0.0)
l_arm1:17:(1.7,-17.5,-2.0):(2.361490,-17.540642,-2.748854):(0.0,0.0)
l_arm2:0:(2.5,-0.5,0.0):(3.496610,-0.429744,0.042821):(1.0,0.0)
l_arm1:16:(2.9,-17.5,0.0):(3.899397,-17.534760,0.000000):(0.0,0.0)
l_arm2:4:(1.0,0.5,2.0):(1.459424,0.541766,2.887235):(0.0,0.0)
l_arm1:20:(1.7,-17.5,2.0):(2.361688,-17.541723,2.748619):(0.0,0.0)
l_arm2:5:(-1.0,0.5,2.0):(-1.459424,0.541766,2.887235):(0.0,0.0)
l_arm1:21:(-0.7,-17.5,2.0):(-1.219405,-17.549704,2.853082):(0.0,0.0)
l_arm2:3:(-2.5,-0.5,0.0):(-3.496609,-0.429744,0.042821):(1.0,1.0)
l_arm1:19:(-1.7,-17.5,0.0):(-2.699196,-17.540121,0.000000):(0.0,0.0)
l_arm2:2:(-1.5,-2.2,-2.0):(-2.007889,-2.108231,-2.856521):(0.5,1.0)
r_arm1:17:(-1.7,-17.5,-2.0):(-2.358867,-17.540640,-2.751161):(0.0,0.0)
r_arm1:18:(0.7,-17.5,-2.0):(1.225046,-17.547607,-2.849742):(0.0,0.0)
r_arm2:1:(-1.5,-2.2,-2.0):(-2.007889,-2.108231,-2.856521):(0.5,0.0)
r_arm2:0:(-2.5,-0.5,0.0):(-3.496609,-0.429744,0.042821):(1.0,0.0)
r_arm1:16:(-2.9,-17.5,0.0):(-3.899396,-17.534760,0.000000):(0.0,0.0)
r_arm2:4:(-1.0,0.5,2.0):(-1.459424,0.541766,2.887235):(0.0,0.0)
r_arm1:20:(-1.7,-17.5,2.0):(-2.358856,-17.542009,2.751096):(0.0,0.0)
r_arm2:5:(1.0,0.5,2.0):(1.459424,0.541766,2.887235):(0.0,0.0)
r_arm1:21:(0.7,-17.5,2.0):(1.225028,-17.549734,2.849631):(0.0,0.0)
r_arm2:3:(2.5,-0.5,0.0):(3.496609,-0.429744,0.042821):(1.0,1.0)
r_arm1:19:(1.7,-17.5,0.0):(2.699194,-17.540121,0.000000):(0.0,0.0)
r_arm2:2:(1.5,-2.2,-2.0):(2.007889,-2.108231,-2.856521):(0.5,1.0)
l_arm2:15:(-1.5,-17.0,0.0):(-2.496372,-17.085054,0.002930):(0.0,0.0)
l_hand:3:(-1.3,-1.5,-1.9):(-1.842567,-1.269386,-2.691348):(0.0,0.0)
l_hand:2:(-1.3,-1.5,1.9):(-1.841920,-1.270452,2.692081):(0.0,0.0)
l_arm2:14:(-1.0,-17.0,-1.3):(-1.564051,-17.091887,-2.120612):(0.0,0.0)
l_hand:0:(1.2,-1.0,-1.9):(1.743913,-1.003460,-2.683452):(0.0,0.0)
l_arm2:13:(1.0,-17.0,-1.3):(1.564051,-17.091887,-2.120612):(0.0,0.0)
l_arm2:12:(1.5,-17.0,0.0):(2.496373,-17.085054,0.002930):(0.0,0.0)
l_hand:1:(1.2,-1.0,1.9):(1.743979,-1.004679,2.683379):(0.0,0.0)
l_arm2:16:(1.0,-17.0,1.5):(1.583572,-17.058065,2.309983):(0.0,0.0)
l_arm2:17:(-1.0,-17.0,1.5):(-1.583572,-17.058065,2.309983):(0.0,0.0)
r_hand:2:(1.3,-1.5,1.9):(1.841920,-1.270452,2.692081):(0.0,0.0)
r_hand:3:(1.3,-1.5,-1.9):(1.842567,-1.269386,-2.691348):(0.0,0.0)
r_arm2:15:(1.5,-17.0,0.0):(2.496372,-17.085054,0.002930):(0.0,0.0)
r_arm2:14:(1.0,-17.0,-1.3):(1.564051,-17.091887,-2.120612):(0.0,0.0)
r_hand:0:(-1.2,-1.0,-1.9):(-1.743913,-1.003460,-2.683452):(0.0,0.0)
r_arm2:13:(-1.0,-17.0,-1.3):(-1.564051,-17.091887,-2.120612):(0.0,0.0)
r_arm2:12:(-1.5,-17.0,0.0):(-2.496373,-17.085054,0.002930):(0.0,0.0)
r_hand:1:(-1.2,-1.0,1.9):(-1.743979,-1.004679,2.683379):(0.0,0.0)
r_arm2:16:(-1.0,-17.0,1.5):(-1.583572,-17.058065,2.309983):(0.0,0.0)
r_arm2:17:(1.0,-17.0,1.5):(1.583572,-17.058065,2.309983):(0.0,0.0)
Material:
(60,100,180,255)::
(255,225,200,255)::
FaceArray:
0,1,2:0
0,2,3:0
3,2,4:0
5,3,4:0
4,6,5:0
5,6,7:0
7,6,8:0
8,9,7:0
8,10,9:0
9,10,11:0
11,10,1:0
1,0,11:0
12,13,14:0
15,12,14:0
16,12,15:0
16,15,17:0
17,18,16:0
19,18,17:0
20,18,19:0
19,21,20:0
21,22,20:0
23,22,21:0
13,22,23:0
23,14,13:0
24,25,26:0
24,27,25:0
27,28,25:0
27,29,28:0
29,30,28:0
30,31,28:0
30,32,31:0
32,33,31:0
33,26,31:0
33,24,26:0
34,35,36:0
35,37,36:0
35,38,37:0
38,39,37:0
38,40,39:0
38,41,40:0
41,42,40:0
41,43,42:0
41,34,43:0
34,36,43:0
</>
