
<frame>
class:human.female
body::(0.0,0.0,0.0):(0.0,0.0,0.0):HPb:(1.1,1.1,1.1)
head:body:(0.0,31.0,1.0):(0.0,0.0,0.0):HPb:
l_breast:body:(4.5,13.0,-5.5):(0.0,0.0,0.0):---:(1.1,1.1,1.1)
r_breast:body:(-4.5,13.0,-5.5):(0.0,0.0,0.0):---:(1.1,1.1,1.1)
l_arm1:body:(9.0,19.0,1.5):(0.0,0.0,0.0):bPh:(1.1,1.11,1.1)
l_arm2:l_arm1:(0.5,-19.0,0.2):(0.0,0.0,0.0):HPB:(1.1,1.11,1.1)
l_hand:l_arm2:(0.0,-18.0,0.2):(0.0,0.0,0.0):Hbp:(1.1,1.1,1.1)
r_arm1:body:(-9.0,19.0,1.5):(0.0,0.0,0.0):bPh:(1.1,1.11,1.1)
r_arm2:r_arm1:(-0.5,-19.0,0.2):(0.0,0.0,0.0):HPB:(1.1,1.11,1.1)
r_hand:r_arm2:(0.0,-18.0,0.2):(0.0,0.0,0.0):Hbp:(1.1,1.1,1.1)
waist:body:(0.0,0.0,0.0):(0.0,0.0,0.0):HPB:(1.1,1.1,1.1)
l_leg1:waist:(3.5,-14.5,0.0):(0.0,0.0,0.0):bPh:(1.12,1.12,1.12)
l_leg2:l_leg1:(1.5,-35.5,1.5):(0.0,0.0,0.0):bPh:(1.11,1.11,1.11)
l_foot:l_leg2:(-0.5,-38.0,0.5):(0.0,0.0,0.0):HPB:(1.11,1.11,1.11)
r_leg1:waist:(-3.5,-14.5,0.0):(0.0,0.0,0.0):bPh:(1.12,1.12,1.12)
r_leg2:r_leg1:(-1.5,-35.5,1.5):(0.0,0.0,0.0):bPh:(1.11,1.11,1.11)
r_foot:r_leg2:(0.5,-38.0,0.5):(0.0,0.0,0.0):HPB:(1.11,1.11,1.11)
</>

<skin>
1,0,0,0,0,0,0:yuki.head
0,1,0,0,0,0,0:female.body
0,0,1,0,0,0,0:female.arms
0,0,0,2,0,0,0:female.l_hand
0,0,0,1,0,0,0:female.r_hand
0,0,0,0,1,0,0:female.waist
0,0,0,0,0,1,0:female.legs
0,0,0,0,0,0,1:female.foots
</>

<defaultcos>
yuki.hairbandA
yuki.costume
yuki.skirtA
yuki.shoesA
</>

<hairbandA>
class:human.
8,0,0,0,0,0,0:yuki.hairbandA_vp
</>

<costume>
class:human.female
0,3,3,3,0,0,0:yuki.costume_vp
</>

<skirtA>
class:human.
0,0,0,0,2,0,0:yuki.skirtA_vp
</>

<shoesA>
class:human.
0,0,0,0,0,1,3:yuki.shoesA_vp
</>

<head>
body:yuki.hair_r
head:yuki.head
waist:yuki.hair_r2
DynamicVisual:
body:3:(0.0,23.0,13.0):(-0.017777,22.974613,13.999518):(1.0,1.0)
head:82:(0.0,6.0,14.0):(0.000000,6.066519,14.997785):(0.0,0.8)
head:79:(-5.5,6.0,13.0):(-6.012563,6.020147,13.858415):(0.0,0.7)
body:2:(-6.5,23.0,12.0):(-6.886983,23.034805,12.921430):(0.5,1.0)
head:77:(-9.5,6.0,8.0):(-10.438503,5.987647,8.345063):(0.1,0.6)
body:1:(-10.5,23.0,9.0):(-11.297695,23.144737,9.585447):(0.5,0.0)
body:0:(-10.5,23.0,5.0):(-10.920923,22.989141,4.092963):(1.0,0.0)
head:58:(-10.5,6.0,3.0):(-11.491158,6.000001,2.867266):(0.1,0.4)
head:81:(-9.5,7.0,1.0):(-10.344234,6.771425,0.515200):(0.5,0.2)
head:90:(-6.5,2.0,8.0):(-5.949515,2.000000,7.165158):(0.7,0.3)
body:12:(-5.0,23.0,8.0):(-4.752715,23.105576,7.036827):(0.0,0.0)
head:92:(6.5,2.0,8.0):(5.949515,2.000000,7.165158):(0.1,0.5)
body:13:(5.0,23.0,8.0):(4.752715,23.105576,7.036827):(0.0,0.0)
head:111:(-8.7,0.0,1.1):(-9.608475,-0.192309,0.728929):(0.4,0.5)
body:17:(-7.2,22.5,-4.2):(-7.707439,22.874762,-4.975923):(0.0,0.0)
body:18:(-7.7,22.5,-2.5):(-8.330959,22.324982,-1.744182):(0.0,0.0)
head:110:(-7.6,0.0,0.1):(-7.959379,-0.030926,-0.832680):(0.4,0.7)
body:16:(-5.5,22.5,-4.0):(-4.572879,22.283602,-4.305966):(0.0,0.0)
head:112:(-8.2,0.0,2.2):(-9.033506,-0.206112,2.712626):(0.2,0.8)
body:11:(0.0,6.0,12.0):(-0.003222,5.944734,12.998466):(0.5,0.4)
waist:1:(-9.0,-3.0,10.5):(-9.298985,-2.964539,11.453597):(0.2,0.5)
waist:2:(0.0,-3.0,11.5):(0.000000,-2.972317,12.499614):(0.5,0.5)
body:10:(-9.0,6.0,11.0):(-9.286161,5.958056,11.957264):(0.2,0.4)
waist:7:(-13.0,-3.0,9.0):(-13.993143,-3.000000,8.883064):(0.0,0.5)
body:9:(-13.0,6.0,9.0):(-13.880196,6.015187,9.474381):(0.0,0.4)
body:8:(-8.0,6.0,7.0):(-8.241234,5.961697,6.030287):(0.2,0.4)
waist:0:(-9.0,-3.0,8.5):(-8.941667,-3.206339,7.523258):(0.2,0.5)
body:15:(8.0,6.0,7.0):(8.241234,5.961697,6.030287):(0.8,0.4)
waist:6:(9.0,-3.0,8.5):(8.941667,-3.206339,7.523258):(0.8,0.5)
head:178:(5.5,6.0,13.0):(6.011752,6.057149,13.857232):(0.0,0.0)
body:25:(6.5,23.0,12.0):(6.870591,23.030781,12.928286):(0.0,0.0)
head:176:(9.5,6.0,8.0):(10.438533,6.011379,8.345018):(0.0,0.0)
body:24:(10.5,23.0,9.0):(11.297695,23.144737,9.585447):(0.0,0.0)
body:23:(10.5,23.0,5.0):(10.920923,22.989141,4.092963):(0.0,0.0)
head:163:(10.5,6.0,3.0):(11.491158,6.000001,2.867266):(0.0,0.0)
head:180:(9.5,7.0,1.0):(10.344234,6.771425,0.515200):(0.0,0.0)
body:32:(7.7,22.5,-2.5):(8.274694,22.310793,-1.703804):(0.0,0.0)
body:31:(7.2,22.5,-4.2):(7.737066,22.871666,-4.957247):(0.0,0.0)
head:193:(8.7,0.0,1.1):(9.608475,-0.192309,0.728929):(0.0,0.0)
head:192:(7.6,0.0,0.1):(7.959379,-0.030926,-0.832680):(0.0,0.0)
body:30:(5.5,22.5,-4.0):(4.568546,22.281771,-4.291147):(0.0,0.0)
head:194:(8.2,0.0,2.2):(9.033506,-0.206112,2.712626):(0.0,0.0)
waist:8:(9.0,-3.0,10.5):(9.298985,-2.964539,11.453597):(0.8,0.5)
body:29:(9.0,6.0,11.0):(9.283072,5.957806,11.958171):(0.8,0.4)
waist:11:(13.0,-3.0,9.0):(13.993143,-3.000000,8.883064):(1.0,0.5)
body:28:(13.0,6.0,9.0):(13.880196,6.015187,9.474381):(1.0,0.4)
Material:
(80,48,48,255)::
FaceArray:
0,1,2:0
0,2,3:0
3,2,4:0
3,4,5:0
5,4,6:0
6,4,7:0
6,7,8:0
6,8,9:0
9,10,6:0
9,11,10:0
11,12,10:0
13,14,15:0
13,16,14:0
16,17,14:0
18,13,15:0
18,15,17:0
18,17,16:0
19,20,21:0
19,22,20:0
22,23,20:0
22,24,23:0
24,25,23:0
25,26,23:0
25,27,26:0
27,28,26:0
29,1,0:0
30,29,0:0
31,29,30:0
32,31,30:0
33,31,32:0
34,31,33:0
35,34,33:0
11,35,33:0
33,12,11:0
36,37,38:0
37,39,38:0
37,40,39:0
36,38,41:0
40,36,41:0
39,40,41:0
21,42,19:0
42,43,19:0
42,44,43:0
44,45,43:0
44,27,45:0
44,28,27:0
</>

<hairbandA_vp>
head:yuki.hairbandA
</>

<costume_vp>
body:yuki.costume
l_breast:yuki.costume_lb
r_breast:yuki.costume_rb
l_arm1:yuki.l_costume1
l_arm2:yuki.l_costume2
l_hand:yuki.l_costume3
r_arm1:yuki.r_costume1
r_arm2:yuki.r_costume2
r_hand:yuki.r_costume3
waist:yuki.costume2
DynamicVisual:
r_arm1:0:(-3.0,1.5,0.0):(-3.894425,1.947214,0.000000):(1.0,0.0)
body:38:(-8.5,22.5,4.0):(-9.011628,23.261890,4.405758):(0.0,0.0)
body:37:(-8.5,22.5,0.0):(-9.030716,23.307446,-0.134796):(0.0,0.0)
r_arm1:2:(-2.0,0.5,-2.5):(-2.582899,0.830458,-3.242312):(0.5,1.0)
body:35:(-9.0,18.5,-2.0):(-9.806947,18.732714,-2.446152):(0.0,0.0)
r_arm1:3:(1.0,-3.0,-3.0):(1.424064,-2.850843,-3.893265):(1.0,1.0)
body:29:(-8.5,15.0,-1.0):(-9.466112,14.910839,-0.924648):(0.0,0.0)
r_arm1:4:(2.2,-5.0,0.0):(3.195297,-4.903131,0.000000):(0.0,0.0)
body:34:(-8.5,15.0,3.0):(-9.253429,14.719778,3.605215):(0.0,0.0)
r_arm1:6:(1.0,-3.0,3.0):(1.424064,-2.850843,3.893265):(0.0,0.0)
body:36:(-9.0,17.5,4.0):(-9.667886,17.335426,4.747372):(0.0,0.0)
r_arm1:5:(-2.0,0.5,2.5):(-2.582897,0.830458,3.242312):(0.0,0.0)
r_arm1:8:(-2.5,-15.0,-3.3):(-3.081050,-15.027598,-4.113400):(0.0,0.0)
r_arm1:9:(1.5,-15.0,-3.3):(2.050361,-14.992175,-4.134891):(0.0,0.0)
r_arm2:13:(-1.5,-3.0,-3.0):(-2.007869,-2.853219,-3.848836):(0.0,0.0)
r_arm2:12:(-3.0,-1.0,0.0):(-3.990149,-0.863401,0.030686):(0.0,0.0)
r_arm1:7:(-3.7,-17.0,0.2):(-4.699927,-17.012106,0.200033):(0.0,0.0)
r_arm2:16:(-1.5,-0.0,2.8):(-1.988939,0.048894,3.670946):(0.0,0.0)
r_arm1:11:(-2.5,-17.0,3.2):(-3.081248,-17.020252,4.013474):(0.0,0.0)
r_arm2:17:(1.5,-0.0,2.8):(1.987419,0.069631,3.670389):(0.0,0.0)
r_arm1:12:(1.5,-17.0,3.2):(2.050453,-16.997522,4.034863):(0.0,0.0)
r_arm2:15:(3.2,-1.5,0.0):(4.175369,-1.282290,0.035513):(0.0,0.0)
r_arm1:10:(3.0,-17.0,0.2):(3.999228,-16.960745,0.200031):(0.0,0.0)
r_arm2:14:(1.5,-3.0,-3.0):(1.996401,-2.791628,-3.842716):(0.0,0.0)
r_hand:1:(-1.2,-1.0,1.9):(-1.869753,-0.963966,2.576568):(0.0,0.0)
r_arm2:6:(-1.5,-17.0,0.0):(-2.496373,-17.085054,0.002930):(0.0,0.0)
r_hand:0:(-1.2,-1.0,-1.9):(-1.629957,-0.916053,-2.751124):(0.0,0.0)
r_arm2:7:(-1.0,-17.0,-1.3):(-1.564051,-17.091887,-2.120612):(0.0,0.0)
r_hand:3:(1.3,-1.5,-1.9):(1.702502,-1.263461,-2.775663):(0.0,0.0)
r_arm2:8:(1.0,-17.0,-1.3):(1.564051,-17.091887,-2.120612):(0.0,0.0)
r_arm2:9:(1.5,-17.0,0.0):(2.496372,-17.085054,0.002930):(0.0,0.0)
r_hand:2:(1.3,-1.5,1.9):(1.826876,-1.649995,2.703943):(0.0,0.0)
r_arm2:11:(1.0,-17.0,1.5):(1.583572,-17.058065,2.309983):(0.0,0.0)
r_arm2:10:(-1.0,-17.0,1.5):(-1.583572,-17.058065,2.309983):(0.0,0.0)
r_breast:41:(-1.7,3.0,-1.1):(-2.690830,3.135117,-1.100001):(0.0,0.0)
body:119:(-5.3,19.0,-4.6):(-5.946157,18.593847,-3.953845):(0.0,0.0)
body:70:(-5.8,19.0,-5.1):(-6.788743,19.133297,-5.167961):(0.0,0.0)
r_breast:2:(-1.7,3.0,-1.6):(-2.518178,3.395875,-2.016977):(0.5,1.0)
r_breast:0:(-1.4,3.1,-1.7):(-1.709092,3.664169,-2.465625):(1.0,0.0)
body:94:(-5.5,19.1,-5.2):(-5.716853,19.679651,-5.985484):(0.0,0.0)
r_breast:1:(-1.1,3.2,-1.7):(-1.272267,3.796928,-2.483586):(0.5,0.0)
body:96:(-5.2,19.1,-5.2):(-5.306565,19.685772,-6.003444):(0.0,0.0)
r_breast:15:(0.4,3.2,-1.7):(0.409284,3.836806,-2.470973):(0.0,0.0)
body:108:(-3.2,18.1,-6.2):(-3.202557,18.635439,-7.044574):(0.0,0.0)
body:97:(-0.4,15.1,-7.5):(0.268086,15.570508,-8.076445):(0.0,0.0)
r_breast:9:(1.2,1.1,-3.4):(1.195654,1.558319,-4.288777):(0.0,0.0)
body:53:(-6.9,17.7,-4.8):(-7.356619,18.142344,-5.514203):(0.0,0.0)
body:52:(-4.6,18.0,-5.3):(-4.795458,18.330149,-6.183948):(0.0,0.0)
r_breast:35:(-1.3,3.1,-1.4):(-1.790842,3.663768,-2.109136):(0.0,0.0)
r_breast:33:(-2.3,2.8,-1.1):(-2.784680,3.298828,-1.751159):(0.0,0.0)
body:54:(-8.5,15.7,-4.5):(-9.501307,15.835787,-4.679383):(0.0,0.0)
r_breast:31:(-3.7,1.3,-0.8):(-4.483250,1.665040,-1.309649):(0.0,0.0)
r_breast:19:(-4.4,-0.5,1.3):(-5.423798,-0.500932,1.156470):(0.0,0.0)
body:51:(-8.6,12.5,-2.8):(-9.556829,12.401334,-2.643140):(0.0,0.0)
body:55:(-8.1,10.3,-3.0):(-9.090243,10.087595,-2.857333):(0.0,0.0)
r_breast:20:(-3.8,-2.7,1.2):(-4.686872,-3.263320,1.051189):(0.0,0.0)
body:33:(-7.7,8.0,-3.7):(-8.582926,7.769295,-3.987915):(0.0,0.0)
r_breast:23:(-2.3,-3.8,-1.1):(-2.818156,-4.494847,-1.491352):(0.0,0.0)
body:28:(-4.8,6.3,-5.5):(-5.180772,6.106279,-6.341214):(0.0,0.0)
r_breast:25:(-0.3,-4.3,-1.4):(-0.432498,-5.117702,-1.984129):(0.0,0.0)
body:141:(-3.0,4.0,-5.2):(-3.470225,3.703856,-6.031371):(0.0,0.0)
body:145:(-0.5,4.0,-5.4):(-0.538563,3.742534,-6.365516):(0.0,0.0)
waist:14:(-3.0,0.5,-5.2):(-3.734759,0.500005,-5.878324):(0.0,0.0)
waist:16:(-0.5,0.5,-5.4):(-0.539904,0.500005,-6.399203):(0.0,0.0)
body:146:(0.5,4.0,-5.4):(1.207106,3.817810,-6.083231):(0.0,0.0)
waist:17:(0.5,0.5,-5.4):(1.207106,0.500005,-6.107106):(0.0,0.0)
body:142:(-3.0,4.0,-5.0):(-3.992876,3.880860,-4.999996):(0.0,0.0)
waist:15:(-3.0,0.5,-5.0):(-3.999999,0.500005,-4.999996):(0.0,0.0)
body:16:(-4.8,4.0,-5.0):(-5.209529,3.704561,-5.798569):(0.0,0.0)
body:153:(-3.0,4.0,-5.1):(-3.023201,3.691822,-5.999959):(0.0,0.0)
waist:12:(-4.5,0.5,-5.0):(-4.991815,0.500000,-5.803418):(0.0,0.0)
waist:18:(-3.0,0.5,-5.1):(-3.036950,0.500000,-6.047881):(0.0,0.0)
body:30:(-7.8,4.0,0.0):(-8.748746,3.792905,0.048120):(0.0,0.0)
waist:13:(-7.5,0.5,0.0):(-8.470144,0.500000,0.073694):(0.0,0.0)
body:12:(-4.8,4.0,4.5):(-5.227424,3.894784,5.433128):(0.0,0.0)
waist:11:(-4.5,0.5,4.5):(-4.942286,0.500000,5.431579):(0.0,0.0)
waist:32:(3.0,0.5,-5.2):(3.707105,0.500005,-5.907104):(0.0,0.0)
body:269:(3.0,4.0,-5.2):(3.689659,3.705546,-5.861558):(0.0,0.0)
body:1:(4.8,4.0,4.5):(5.227425,3.894783,5.433127):(0.5,0.0)
waist:10:(4.5,0.5,4.5):(4.942286,0.500000,5.431579):(0.0,0.0)
body:284:(-0.0,4.0,-5.2):(-0.000001,3.695229,-6.152421):(0.0,0.0)
waist:42:(-0.0,0.5,-5.2):(-0.000001,0.500005,-6.199997):(0.0,0.0)
body:98:(-0.3,14.8,-7.6):(0.551945,15.197581,-7.940770):(0.0,0.0)
r_breast:10:(1.2,0.8,-3.5):(1.200002,1.116238,-4.448677):(0.0,0.0)
body:72:(-0.2,14.5,-7.7):(0.261372,13.632205,-7.884546):(0.0,0.0)
r_breast:11:(1.2,0.5,-3.6):(1.443359,-0.043363,-4.403437):(0.0,0.0)
body:151:(-0.7,14.5,-7.2):(-0.700001,13.500006,-7.199997):(0.0,0.0)
r_breast:43:(1.2,0.5,-3.1):(1.487350,-0.457816,-3.099991):(0.0,0.0)
r_breast:56:(0.8,-4.0,-1.6):(-0.110364,-4.413801,-1.599996):(0.0,0.0)
r_breast:55:(0.8,-4.0,-1.8):(0.331685,-4.789596,-2.196496):(0.0,0.0)
body:139:(-3.3,6.5,-6.0):(-3.994435,6.206448,-6.656946):(0.0,0.0)
body:140:(-3.3,6.5,-5.8):(-4.292875,6.380859,-5.799995):(0.0,0.0)
body:5:(-3.2,6.5,-5.9):(-3.303789,6.240970,-6.806713):(0.0,0.0)
r_breast:29:(1.0,-4.0,-1.8):(1.105586,-4.774492,-2.346212):(0.0,0.0)
r_breast:61:(3.0,1.5,-2.2):(3.000000,0.985508,-3.057493):(0.0,0.0)
body:165:(-0.3,14.4,-7.4):(-0.300000,14.400005,-8.400000):(0.0,0.0)
r_breast:62:(3.0,1.0,-1.9):(3.000000,0.485506,-2.757493):(0.0,0.0)
body:166:(-0.3,13.9,-7.4):(-0.300000,13.900003,-8.400000):(0.0,0.0)
r_breast:36:(3.0,1.3,-2.2):(3.320381,1.739827,-3.063469):(0.0,0.0)
body:149:(-0.5,14.5,-7.2):(-0.500000,15.374162,-7.685645):(0.0,0.0)
r_breast:57:(4.0,-0.5,-2.5):(4.373107,-0.399948,-3.422377):(0.0,0.0)
body:147:(0.5,14.5,-7.2):(1.207107,15.118128,-7.543403):(0.0,0.0)
l_breast:76:(-4.0,-0.5,-2.5):(-3.000000,-0.499994,-2.499999):(0.0,0.0)
r_breast:66:(2.3,0.6,-3.1):(1.888581,0.734681,-2.227760):(0.0,0.0)
body:286:(-0.3,14.1,-7.7):(-0.308816,14.493918,-8.652321):(0.0,0.0)
body:287:(-0.3,13.4,-8.0):(-0.308816,13.793916,-8.952320):(0.0,0.0)
r_breast:68:(2.7,-0.2,-3.5):(2.906637,-0.022023,-4.493332):(0.0,0.0)
r_breast:75:(3.0,-0.7,-3.3):(3.414589,-0.805854,-4.232909):(0.0,0.0)
r_breast:73:(2.9,-0.6,-3.3):(2.918908,-0.332567,-4.236800):(0.0,0.0)
body:288:(-0.3,13.6,-8.0):(-0.305679,13.575003,-8.980829):(0.0,0.0)
r_breast:71:(3.1,-0.8,-3.6):(3.265736,-0.736325,-4.562031):(0.0,0.0)
body:289:(-0.3,13.0,-8.0):(-0.305679,12.975000,-8.980829):(0.0,0.0)
r_breast:67:(3.4,-1.6,-3.4):(3.951679,-2.448878,-3.277971):(0.0,0.0)
body:194:(8.5,22.5,0.0):(9.030716,23.307446,-0.134796):(0.0,0.0)
body:195:(8.5,22.5,4.0):(9.011628,23.261890,4.405758):(0.0,0.0)
l_arm1:0:(3.0,1.5,0.0):(3.894425,1.947214,0.000000):(1.0,0.0)
l_arm1:2:(2.0,0.5,-2.5):(2.582899,0.830458,-3.242312):(0.5,1.0)
body:192:(9.0,18.5,-2.0):(9.806947,18.732714,-2.446152):(0.0,0.0)
l_arm1:3:(-1.0,-3.0,-3.0):(-1.424064,-2.850843,-3.893265):(1.0,1.0)
body:186:(8.5,15.0,-1.0):(9.466112,14.910839,-0.924648):(0.0,0.0)
l_arm1:4:(-2.2,-5.0,0.0):(-3.195297,-4.903131,0.000000):(0.0,0.0)
body:191:(8.5,15.0,3.0):(9.253429,14.719778,3.605215):(0.0,0.0)
l_arm1:6:(-1.0,-3.0,3.0):(-1.424064,-2.850843,3.893265):(0.0,0.0)
body:193:(9.0,17.5,4.0):(9.667886,17.335426,4.747372):(0.0,0.0)
l_arm1:5:(2.0,0.5,2.5):(2.582899,0.830458,3.242312):(0.0,0.0)
l_arm2:13:(1.5,-3.0,-3.0):(1.981075,-2.858952,-3.865258):(0.0,0.0)
l_arm1:9:(-1.5,-15.0,-3.3):(-2.058837,-14.991658,-4.129236):(0.0,0.0)
l_arm1:8:(2.5,-15.0,-3.3):(3.076611,-15.027621,-4.116552):(0.0,0.0)
l_arm2:12:(3.0,-1.0,0.0):(3.989939,-0.864933,-0.042120):(0.0,0.0)
l_arm1:7:(3.7,-17.0,0.2):(4.699738,-17.011757,0.219695):(0.0,0.0)
l_arm2:16:(1.5,-0.0,2.8):(2.023961,0.052396,3.650128):(0.0,0.0)
l_arm1:11:(2.5,-17.0,3.2):(3.060651,-17.019228,4.027830):(0.0,0.0)
l_arm2:17:(-1.5,-0.0,2.8):(-2.011995,0.073142,3.655870):(0.0,0.0)
l_arm1:12:(-1.5,-17.0,3.2):(-2.025721,-16.999233,4.050657):(0.0,0.0)
l_arm2:15:(-3.2,-1.5,0.0):(-4.173204,-1.278378,-0.061311):(0.0,0.0)
l_arm1:10:(-3.0,-17.0,0.2):(-3.998474,-16.961544,0.239601):(0.0,0.0)
l_arm2:14:(-1.5,-3.0,-3.0):(-1.938405,-2.802713,-3.876859):(0.0,0.0)
l_hand:0:(1.2,-1.0,-1.9):(1.629957,-0.916053,-2.751124):(0.0,0.0)
l_arm2:6:(1.5,-17.0,0.0):(2.496372,-17.085054,0.002930):(0.0,0.0)
l_hand:1:(1.2,-1.0,1.9):(1.869753,-0.963966,2.576568):(0.0,0.0)
l_arm2:7:(1.0,-17.0,-1.3):(1.564051,-17.091887,-2.120612):(0.0,0.0)
l_hand:3:(-1.3,-1.5,-1.9):(-1.712044,-1.274432,-2.773237):(0.0,0.0)
l_arm2:8:(-1.0,-17.0,-1.3):(-1.564051,-17.091887,-2.120612):(0.0,0.0)
l_arm2:9:(-1.5,-17.0,0.0):(-2.496372,-17.085054,0.002930):(0.0,0.0)
l_hand:2:(-1.3,-1.5,1.9):(-1.821801,-1.657057,2.705809):(0.0,0.0)
l_arm2:11:(-1.0,-17.0,1.5):(-1.583572,-17.058065,2.309983):(0.0,0.0)
l_arm2:10:(1.0,-17.0,1.5):(1.583572,-17.058065,2.309983):(0.0,0.0)
body:221:(5.8,19.0,-5.1):(6.788743,19.133297,-5.167961):(0.0,0.0)
body:253:(5.3,19.0,-4.6):(5.946157,18.593847,-3.953845):(0.0,0.0)
l_breast:41:(1.7,3.0,-1.1):(2.690829,3.135117,-1.100001):(0.0,0.0)
l_breast:2:(1.7,3.0,-1.6):(2.518178,3.395875,-2.016977):(0.5,1.0)
l_breast:0:(1.4,3.1,-1.7):(1.709092,3.664169,-2.465625):(1.0,0.0)
body:236:(5.5,19.1,-5.2):(5.716853,19.679651,-5.985484):(0.0,0.0)
l_breast:1:(1.1,3.2,-1.7):(1.272268,3.796928,-2.483586):(0.5,0.0)
body:238:(5.2,19.1,-5.2):(5.304107,19.657656,-6.023522):(0.0,0.0)
l_breast:15:(-0.4,3.2,-1.7):(-0.409284,3.836806,-2.470973):(0.0,0.0)
body:246:(3.2,18.1,-6.2):(3.202557,18.635439,-7.044574):(0.0,0.0)
body:135:(0.4,15.1,-7.5):(-0.268085,15.570509,-8.076445):(0.0,0.0)
l_breast:9:(-1.2,1.1,-3.4):(-1.195655,1.558318,-4.288778):(0.0,0.0)
l_breast:35:(1.3,3.1,-1.4):(1.790843,3.663768,-2.109136):(0.0,0.0)
body:209:(4.6,18.0,-5.3):(4.795458,18.330149,-6.183948):(0.0,0.0)
body:210:(6.9,17.7,-4.8):(7.356619,18.142344,-5.514203):(0.0,0.0)
l_breast:33:(2.3,2.8,-1.1):(2.784680,3.298828,-1.751159):(0.0,0.0)
body:211:(8.5,15.7,-4.5):(9.501307,15.835787,-4.679383):(0.0,0.0)
l_breast:31:(3.7,1.3,-0.8):(4.483250,1.665040,-1.309649):(0.5,0.0)
l_breast:19:(4.4,-0.5,1.3):(5.423798,-0.500932,1.156470):(0.0,0.0)
body:208:(8.6,12.5,-2.8):(9.556829,12.401334,-2.643140):(0.0,0.0)
body:212:(8.1,10.3,-3.0):(9.090243,10.087595,-2.857333):(0.0,0.0)
l_breast:20:(3.8,-2.7,1.2):(4.686872,-3.263320,1.051189):(0.0,0.0)
body:190:(7.7,8.0,-3.7):(8.582926,7.769295,-3.987915):(0.0,0.0)
body:185:(4.8,6.3,-5.5):(5.180772,6.106279,-6.341214):(0.0,0.0)
l_breast:23:(2.3,-3.8,-1.1):(2.822078,-4.500946,-1.474858):(0.0,0.0)
l_breast:25:(0.3,-4.3,-1.4):(0.441223,-5.101691,-2.005291):(0.0,0.0)
waist:33:(3.0,0.5,-5.0):(3.999999,0.500005,-4.999996):(0.0,0.0)
body:270:(3.0,4.0,-5.0):(3.992876,3.880860,-4.999996):(0.0,0.0)
waist:30:(4.5,0.5,-5.0):(4.991815,0.500000,-5.803418):(0.0,0.0)
body:272:(3.0,4.0,-5.1):(3.023201,3.691822,-5.999959):(0.0,0.0)
body:184:(4.8,4.0,-5.0):(5.209529,3.704561,-5.798569):(0.0,0.0)
waist:34:(3.0,0.5,-5.1):(3.036950,0.500000,-6.047881):(0.0,0.0)
waist:31:(7.5,0.5,0.0):(8.470144,0.500000,0.073694):(0.0,0.0)
body:187:(7.8,4.0,0.0):(8.748746,3.792905,0.048120):(0.0,0.0)
body:136:(0.3,14.8,-7.6):(-0.551945,15.197582,-7.940770):(0.0,0.0)
l_breast:10:(-1.2,0.8,-3.5):(-1.200003,1.116236,-4.448678):(0.0,0.0)
body:134:(0.2,14.5,-7.7):(-0.261372,13.632205,-7.884546):(0.0,0.0)
l_breast:11:(-1.2,0.5,-3.6):(-1.443359,-0.043364,-4.403436):(0.0,0.0)
body:271:(0.7,14.5,-7.2):(0.700001,13.500006,-7.199997):(0.0,0.0)
l_breast:43:(-1.2,0.5,-3.1):(-1.487350,-0.457816,-3.099991):(0.0,0.0)
body:267:(3.3,6.5,-6.0):(3.989658,6.205546,-6.661557):(0.0,0.0)
l_breast:55:(-0.8,-4.0,-1.8):(-0.346903,-4.794380,-2.204541):(0.0,0.0)
l_breast:56:(-0.8,-4.0,-1.6):(0.110364,-4.413801,-1.599996):(0.0,0.0)
body:268:(3.3,6.5,-5.8):(4.292875,6.380859,-5.799995):(0.0,0.0)
body:183:(3.2,6.5,-5.9):(3.303789,6.240970,-6.806713):(0.0,0.0)
l_breast:29:(-1.0,-4.0,-1.8):(-1.088421,-4.744381,-2.388318):(0.0,0.0)
l_breast:62:(-3.0,1.0,-1.9):(-3.000000,0.485506,-2.757493):(0.0,0.0)
body:167:(0.3,14.4,-7.4):(0.300000,14.400005,-8.400000):(0.0,0.0)
l_breast:61:(-3.0,1.5,-2.2):(-3.000000,0.985508,-3.057493):(0.0,0.0)
body:168:(0.3,13.9,-7.4):(0.300000,13.900003,-8.400000):(0.0,0.0)
body:293:(0.3,13.4,-8.0):(0.308816,13.793916,-8.952320):(0.0,0.0)
body:292:(0.3,14.1,-7.7):(0.308816,14.493918,-8.652321):(0.0,0.0)
l_breast:66:(-2.3,0.6,-3.1):(-1.891793,0.730061,-2.225664):(0.0,0.0)
l_breast:68:(-2.7,-0.2,-3.5):(-2.911267,-0.024152,-4.492675):(0.0,0.0)
l_breast:75:(-3.0,-0.7,-3.3):(-3.417947,-0.803322,-4.231615):(0.0,0.0)
l_breast:71:(-3.1,-0.8,-3.6):(-3.381332,-0.811523,-4.538663):(0.0,0.0)
body:291:(0.3,13.6,-8.0):(0.305679,13.575003,-8.980829):(0.0,0.0)
l_breast:73:(-2.9,-0.6,-3.3):(-2.993061,-0.269014,-4.210090):(0.0,0.0)
body:290:(0.3,13.0,-8.0):(0.305679,12.975000,-8.980829):(0.0,0.0)
l_breast:67:(-3.4,-1.6,-3.4):(-3.918352,-2.444594,-3.149185):(0.0,0.0)
l_breast:57:(-4.0,-0.5,-2.3):(-4.428811,-0.416480,-3.199525):(0.0,0.0)
body:240:(0.5,14.5,-7.0):(0.499999,14.906144,-7.913811):(0.0,0.0)
l_breast:36:(-3.0,1.3,-2.2):(-3.345026,1.707202,-3.067737):(0.0,0.0)
r_breast:87:(4.5,-0.5,-2.3):(4.500000,-0.696111,-3.280580):(0.0,0.0)
r_breast:88:(4.5,-3.0,-1.8):(4.500000,-3.196109,-2.780580):(0.0,0.0)
l_breast:58:(-4.0,-3.0,-1.8):(-4.389146,-3.387756,-2.635586):(0.0,0.0)
r_breast:58:(4.0,-3.0,-2.0):(4.343990,-3.380092,-2.858601):(0.0,0.0)
l_breast:77:(-4.0,-3.0,-2.0):(-3.000000,-2.999992,-2.000000):(0.0,0.0)
r_breast:80:(4.5,-2.0,-2.3):(4.311982,-1.299035,-3.038801):(0.0,0.0)
r_breast:86:(4.5,-2.0,-2.0):(4.257463,-1.000586,-2.129653):(0.0,0.0)
l_breast:80:(-4.1,-2.1,-2.0):(-3.129858,-1.825042,-2.057522):(0.0,0.0)
l_breast:83:(-4.1,-2.1,-2.3):(-3.129858,-1.851189,-2.356380):(1.0,0.0)
r_breast:78:(4.5,-2.5,-2.4):(4.375965,-2.586477,-3.388501):(0.0,0.0)
l_breast:82:(-4.0,-2.5,-2.3):(-3.000001,-2.491279,-2.300380):(0.0,0.0)
l_breast:81:(-4.1,-2.9,-2.3):(-3.129858,-3.131368,-2.244379):(0.0,0.0)
r_breast:76:(4.5,-3.0,-2.3):(4.311982,-3.793635,-2.820551):(0.0,0.0)
l_breast:84:(-4.1,-2.9,-2.0):(-3.129858,-3.105221,-1.945521):(0.5,0.0)
r_breast:82:(4.5,-3.0,-2.0):(4.257463,-3.929678,-1.873390):(0.0,0.0)
body:144:(-0.5,7.0,-6.2):(-0.530153,6.726185,-7.161308):(0.0,0.0)
body:143:(0.5,7.0,-6.2):(1.207106,6.817809,-6.883231):(0.0,0.0)
body:283:(0.4,7.0,-6.0):(0.399998,6.695228,-6.952420):(0.0,0.0)
l_breast:78:(-4.0,-3.0,-1.5):(-3.000000,-2.999992,-1.500000):(0.0,0.0)
body:282:(0.5,7.0,-5.7):(1.499999,7.000004,-5.700000):(0.0,0.0)
body:281:(0.5,4.0,-4.9):(1.499999,4.000005,-4.900000):(0.0,0.0)
waist:41:(0.5,0.5,-4.9):(1.499999,0.500005,-4.900000):(0.0,0.0)
Material:
(240,50,50,255)::
(240,255,255,255)::
(255,140,180,255)::
FaceArray:
0,1,2:0
0,2,3:0
3,2,4:0
3,4,5:0
5,4,6:0
6,7,5:0
7,6,8:0
8,9,7:0
10,9,8:0
9,10,11:0
11,10,1:0
11,1,0:0
12,13,14:0
14,15,12:0
12,15,16:0
17,16,15:0
17,18,16:0
17,19,18:0
19,20,18:0
19,21,20:0
21,22,20:0
21,23,22:0
23,13,22:0
23,14,13:0
24,25,26:1
26,25,27:1
26,27,28:1
28,27,29:1
28,29,30:1
28,30,31:1
31,30,32:1
31,32,24:1
24,32,33:1
24,33,25:1
34,35,36:1
34,36,37:1
37,36,38:1
38,36,39:1
40,38,39:0
40,39,41:0
42,40,41:1
41,43,42:1
42,43,44:1
42,44,45:1
46,47,48:0
48,49,46:0
49,50,46:0
49,51,50:0
51,52,50:0
52,53,50:0
52,54,53:0
52,55,54:0
55,56,54:0
57,58,56:0
57,59,58:0
60,61,62:1
61,63,62:1
61,64,63:1
64,65,63:1
66,60,67:1
60,62,67:1
68,69,70:0
69,71,70:0
72,68,73:0
68,70,73:0
74,72,73:0
74,73,75:0
80,77,76:1
76,81,80:1
78,74,79:0
79,74,75:0
45,44,82:0
45,82,83:0
83,82,84:1
84,85,83:1
85,84,86:1
86,87,85:1
88,89,90:1
90,91,88:1
59,92,58:0
59,93,92:0
55,57,56:0
94,95,96:2
95,97,96:2
98,99,100:1
99,101,100:1
101,102,100:1
103,104,105:2
105,106,103:2
105,107,106:2
108,109,110:2
109,111,110:2
111,112,110:2
113,114,115:0
116,113,115:0
117,113,116:0
118,117,116:0
119,117,118:0
118,120,119:0
121,119,120:0
120,122,121:0
121,122,123:0
124,123,122:0
114,123,124:0
115,114,124:0
125,126,127:0
127,128,125:0
129,128,127:0
128,129,130:0
129,131,130:0
131,132,130:0
131,133,132:0
133,134,132:0
133,135,134:0
135,136,134:0
135,126,136:0
126,125,136:0
137,138,139:1
140,138,137:1
141,140,137:1
142,140,141:1
143,142,141:1
144,143,141:1
145,143,144:1
139,145,144:1
146,145,139:1
138,146,139:1
147,148,149:1
150,147,149:1
151,147,150:1
152,147,151:1
152,151,153:0
154,152,153:0
154,153,155:1
155,156,154:1
157,156,155:1
158,157,155:1
159,160,161:0
161,162,159:0
161,163,162:0
163,164,162:0
163,165,164:0
163,166,165:0
166,167,165:0
167,168,165:0
167,169,168:0
169,170,171:0
170,172,171:0
173,77,174:1
173,76,77:1
175,176,177:0
175,178,176:0
179,177,180:0
179,175,177:0
179,180,78:0
79,179,78:0
181,157,158:0
182,181,158:0
183,181,182:1
182,184,183:1
185,183,184:1
184,186,185:1
187,188,189:1
189,190,187:1
170,191,172:0
191,192,172:0
169,171,168:0
193,194,195:2
193,196,194:2
197,198,199:2
199,200,197:2
200,201,197:2
202,203,204:2
202,205,203:2
202,206,205:2
207,208,209:1
207,210,208:1
210,207,211:1
211,207,212:1
100,102,213:1
213,102,214:1
215,216,217:1
215,217,218:1
215,218,219:1
219,218,220:1
219,220,221:1
219,221,222:1
222,221,223:1
222,223,224:1
89,213,225:1
225,90,89:1
213,214,225:1
225,214,226:1
227,211,212:1
212,188,227:1
188,187,227:1
214,228,226:1
228,229,226:1
64,230,65:1
65,230,231:1
</>

<skirta_vp>
waist:yuki.skirta
skirt_f:waist:(0.0,-12.0,-3.0):yuki.skirta_f
skirt_r:waist:(0.0,-20.0,10.0):yuki.skirta_r
DynamicVisual:
waist:16:(-1.3,-8.0,-7.4):(-0.563323,-7.741844,-8.008392):(0.0,0.0)
waist:17:(-1.3,-8.0,-6.9):(-0.270429,-8.000000,-6.850096):(0.0,0.0)
skirt_f:4:(-1.8,-7.0,-5.9):(-0.775393,-7.099504,-5.850096):(0.0,0.0)
skirt_f:3:(-1.8,-7.0,-6.4):(-1.059865,-6.931008,-7.050337):(1.0,1.0)
waist:15:(-5.0,-8.0,-7.4):(-5.272325,-7.646822,-8.235603):(0.0,0.0)
skirt_f:2:(-7.0,-7.0,-6.4):(-7.320064,-6.820746,-7.269674):(0.5,1.0)
waist:19:(-7.5,-8.0,-5.5):(-8.241274,-7.647007,-5.980373):(0.0,0.0)
skirt_f:6:(-10.5,-8.0,-3.5):(-11.278870,-7.804240,-4.005165):(0.0,0.0)
waist:20:(-10.0,-9.0,-0.1):(-10.749182,-8.741274,0.521396):(0.0,0.0)
skirt_f:1:(-13.0,-10.0,1.9):(-13.760115,-9.792435,2.527233):(0.5,0.0)
waist:47:(-9.5,-9.0,-0.1):(-9.470428,-9.016391,0.949766):(0.0,0.0)
skirt_f:0:(-12.5,-10.0,1.9):(-12.470428,-10.000000,2.949901):(1.0,0.0)
waist:44:(-8.6,-17.0,7.8):(-9.461731,-16.749407,8.227772):(0.0,0.0)
waist:43:(-9.7,-9.0,-0.1):(-10.561207,-8.746439,0.327022):(0.0,0.0)
skirt_f:16:(-12.7,-10.0,1.9):(-13.492726,-9.716449,1.456520):(0.0,0.0)
skirt_r:12:(-10.2,-5.0,-0.8):(-10.311850,-5.000038,0.140047):(0.0,0.0)
skirt_f:18:(-13.7,-13.0,1.9):(-14.492726,-12.716449,1.456520):(0.0,0.0)
waist:33:(-9.0,-17.0,8.0):(-9.685069,-16.738224,8.598763):(0.0,0.0)
waist:41:(-8.5,-17.0,7.4):(-9.237472,-17.055397,6.710896):(0.0,0.0)
skirt_r:9:(-10.0,-5.0,-1.1):(-9.970432,-6.000000,-1.149904):(0.0,0.0)
skirt_r:8:(-10.5,-5.0,-0.5):(-10.612051,-5.616927,0.224269):(0.0,0.0)
skirt_r:0:(-2.3,-3.0,0.5):(-1.628064,-2.814122,1.193613):(1.0,0.0)
waist:27:(-1.8,-17.0,9.5):(-1.132652,-16.842745,10.204092):(0.0,0.0)
skirt_r:1:(-2.3,-3.0,-0.2):(-1.270429,-3.000000,-0.249905):(0.5,0.0)
waist:29:(-1.8,-17.0,8.8):(-0.771969,-17.055470,8.750095):(0.0,0.0)
skirt_r:13:(-10.1,-4.9,-1.0):(-10.239029,-4.900003,0.035588):(0.0,0.0)
skirt_f:28:(-13.5,-13.9,1.7):(-13.601099,-14.883653,1.625977):(0.0,0.0)
skirt_r:14:(-10.1,-5.9,-1.0):(-10.113387,-6.866995,-0.698936):(0.0,0.0)
skirt_f:29:(-13.5,-12.9,1.7):(-14.395447,-12.900003,1.369988):(0.0,0.0)
waist:18:(-1.4,-8.0,-7.1):(-1.370430,-7.683772,-7.998779):(0.0,0.0)
waist:24:(1.4,-8.0,-7.1):(1.370430,-7.683772,-7.998779):(0.0,0.0)
skirt_f:5:(-1.9,-7.0,-6.1):(-1.870430,-6.803884,-7.030677):(0.0,0.0)
skirt_f:7:(1.9,-7.0,-6.1):(1.870430,-6.803884,-7.030677):(0.0,0.0)
waist:37:(1.9,-17.0,9.0):(1.870430,-16.772770,9.923938):(0.0,0.0)
waist:30:(-1.9,-17.0,9.0):(-1.870430,-16.772770,9.923938):(0.0,0.0)
skirt_r:3:(2.4,-3.0,-0.0):(2.370430,-2.757465,0.920239):(1.0,1.0)
skirt_r:2:(-2.4,-3.0,-0.0):(-2.370430,-2.757465,0.920239):(0.5,1.0)
waist:46:(-8.0,-17.0,7.5):(-7.528056,-17.332546,6.717004):(0.0,0.0)
waist:48:(8.0,-17.0,7.5):(7.528056,-17.332546,6.717004):(0.0,0.0)
skirt_r:20:(-2.5,-2.9,-0.7):(-2.376808,-3.214841,-1.594609):(0.0,0.0)
skirt_r:21:(2.5,-2.9,-0.7):(2.376808,-3.214841,-1.594609):(0.0,0.0)
skirt_r:19:(-10.0,-5.0,-1.5):(-9.803020,-5.403780,-2.349506):(0.0,0.0)
skirt_f:34:(-12.0,-9.9,1.7):(-11.134535,-10.299609,2.126208):(0.0,0.0)
waist:14:(-8.5,-8.0,0.0):(-7.997603,-8.828195,-0.250982):(0.0,0.0)
skirt_f:33:(-6.5,-7.0,-5.5):(-6.070639,-7.313761,-4.588864):(0.0,0.0)
waist:9:(-5.0,-8.0,-6.0):(-4.970429,-9.000000,-5.950096):(0.0,0.0)
waist:8:(5.0,-8.0,-6.0):(4.970429,-9.000000,-5.950096):(0.0,0.0)
skirt_f:32:(6.5,-7.0,-5.5):(6.070639,-7.313761,-4.588864):(0.0,0.0)
skirt_f:39:(1.8,-7.0,-5.9):(0.775393,-7.099504,-5.850096):(0.0,0.0)
waist:54:(1.3,-8.0,-6.9):(0.270429,-8.000000,-6.850096):(0.0,0.0)
waist:53:(1.3,-8.0,-7.4):(0.563323,-7.741844,-8.008392):(0.0,0.0)
skirt_f:38:(1.8,-7.0,-6.4):(1.093492,-6.921329,-7.081920):(0.0,0.0)
waist:52:(5.0,-8.0,-7.4):(5.272325,-7.646822,-8.235603):(0.0,0.0)
skirt_f:37:(7.0,-7.0,-6.4):(7.326542,-6.822092,-7.267447):(0.0,0.0)
waist:55:(7.5,-8.0,-5.5):(8.241274,-7.647007,-5.980373):(0.0,0.0)
skirt_f:40:(10.5,-8.0,-3.5):(11.246042,-7.803196,-4.049839):(0.0,0.0)
waist:56:(10.0,-9.0,-0.1):(10.749182,-8.741274,0.521396):(0.0,0.0)
skirt_f:36:(13.0,-10.0,1.9):(13.767585,-9.787326,2.514979):(0.0,0.0)
waist:73:(9.5,-9.0,-0.1):(9.470428,-9.016391,0.949766):(0.0,0.0)
skirt_f:35:(12.5,-10.0,1.9):(12.470428,-10.000000,2.949901):(0.0,0.0)
skirt_f:47:(12.7,-10.0,1.9):(13.515309,-9.708662,1.501238):(0.0,0.0)
waist:70:(9.7,-9.0,-0.1):(10.561207,-8.746439,0.327022):(0.0,0.0)
waist:71:(8.6,-17.0,7.8):(9.461731,-16.749407,8.227772):(0.0,0.0)
skirt_r:30:(10.2,-5.0,-0.8):(10.311850,-5.000038,0.140047):(0.0,0.0)
skirt_f:49:(13.7,-13.0,1.9):(14.515309,-12.708662,1.501238):(0.0,0.0)
skirt_r:27:(10.0,-5.0,-1.1):(9.970432,-6.000000,-1.149904):(0.0,0.0)
waist:68:(8.5,-17.0,7.4):(9.237472,-17.055397,6.710896):(0.0,0.0)
waist:64:(9.0,-17.0,8.0):(9.685069,-16.738224,8.598763):(0.0,0.0)
skirt_r:26:(10.5,-5.0,-0.5):(10.612051,-5.616927,0.224269):(0.0,0.0)
skirt_r:22:(2.3,-3.0,0.5):(1.628064,-2.814122,1.193613):(0.0,0.0)
waist:60:(1.8,-17.0,9.5):(1.132652,-16.842745,10.204092):(0.0,0.0)
skirt_r:23:(2.3,-3.0,-0.2):(1.270429,-3.000000,-0.249905):(0.0,0.0)
waist:62:(1.8,-17.0,8.8):(0.771969,-17.055470,8.750095):(0.0,0.0)
skirt_r:32:(10.1,-5.9,-1.0):(10.113387,-6.866995,-0.698936):(0.0,0.0)
skirt_f:57:(13.5,-13.9,1.7):(13.601099,-14.883653,1.625977):(0.0,0.0)
skirt_r:31:(10.1,-4.9,-1.0):(10.239029,-4.900003,0.035588):(0.0,0.0)
skirt_f:58:(13.5,-12.9,1.7):(14.395447,-12.900003,1.369988):(0.0,0.0)
skirt_r:33:(10.0,-5.0,-1.5):(9.803020,-5.403780,-2.349506):(0.0,0.0)
skirt_f:59:(12.0,-9.9,1.7):(11.134535,-10.299609,2.126208):(0.0,0.0)
waist:51:(8.5,-8.0,0.0):(7.997603,-8.828195,-0.250982):(0.0,0.0)
Material:
(240,50,50,255)::
(240,255,255,255)::
FaceArray:
0,1,2:0
0,2,3:0
4,0,3:0
4,3,5:0
4,5,6:0
6,5,7:0
6,7,8:0
8,7,9:0
10,8,9:0
10,9,11:0
12,13,14:0
12,14,15:0
15,14,16:0
17,18,19:0
17,19,20:0
17,20,21:0
17,21,22:0
22,21,23:0
24,22,23:0
25,26,27:1
25,28,26:1
29,30,31:0
30,32,31:0
33,34,35:0
34,36,35:0
37,38,39:1
38,40,39:1
37,39,41:1
37,41,42:1
42,41,26:1
26,41,27:1
42,43,37:1
42,44,43:1
44,45,43:1
46,45,47:1
45,44,47:1
48,49,50:0
51,48,50:0
51,50,52:0
53,51,52:0
54,53,52:0
55,53,54:0
56,55,54:0
57,55,56:0
57,56,58:0
59,57,58:0
60,61,62:0
63,60,62:0
64,60,63:0
65,66,67:0
68,65,67:0
69,68,67:0
70,69,67:0
71,69,70:0
71,70,72:0
73,74,75:1
74,76,75:1
77,40,38:1
78,77,38:1
74,77,78:1
73,77,74:1
38,79,78:1
79,47,78:1
79,46,47:1
</>

<shoesa_vp>
l_leg1:yuki.l_sock1
l_leg2:yuki.l_sock2
l_foot:yuki.l_shoe
r_leg1:yuki.r_sock1
r_leg2:yuki.r_sock2
r_foot:yuki.r_shoe
DynamicVisual:
r_leg1:15:(-2.5,-35.0,-1.5):(-2.987186,-35.140530,-2.361918):(0.0,0.0)
r_leg1:14:(-0.0,-35.0,-1.5):(0.487187,-35.140530,-2.361917):(0.0,0.0)
r_leg2:3:(-1.0,-1.0,-3.0):(-1.430171,-1.148411,-3.890466):(1.0,1.0)
r_leg2:2:(1.5,-1.0,-3.0):(1.930170,-1.148411,-3.890466):(0.5,1.0)
r_leg1:12:(-4.5,-33.5,1.5):(-5.482428,-33.591042,1.337055):(0.0,0.0)
r_leg2:0:(-3.0,-4.0,0.0):(-3.954600,-4.040752,-0.295099):(1.0,0.0)
r_leg1:16:(-2.5,-31.0,4.5):(-3.095111,-31.044964,5.302385):(0.0,0.0)
r_leg2:10:(-1.0,-6.0,3.5):(-1.674780,-5.931829,4.234865):(0.0,0.0)
r_leg1:17:(-0.0,-31.0,4.5):(0.696728,-31.058783,5.214924):(0.0,0.0)
r_leg2:11:(1.5,-6.0,3.5):(2.174778,-5.931829,4.234865):(0.0,0.0)
r_leg2:1:(3.5,-4.0,0.0):(4.454597,-4.040752,-0.295099):(0.5,0.0)
r_leg1:13:(2.0,-33.5,1.5):(2.991587,-33.547077,1.379422):(0.0,0.0)
r_leg2:17:(-0.5,-35.0,-1.5):(-1.025212,-35.046360,-2.349710):(0.0,0.0)
r_leg2:16:(1.5,-35.0,-1.5):(2.025583,-35.035431,-2.350006):(0.0,0.0)
r_foot:13:(1.0,-1.0,-4.0):(1.464277,-0.207550,-4.395556):(0.0,0.0)
r_foot:12:(-1.5,-1.0,-4.0):(-1.989877,-0.242202,-4.430997):(0.0,0.0)
r_foot:0:(-2.5,-2.0,-2.0):(-3.482125,-1.829514,-2.079813):(1.0,0.0)
r_leg2:14:(-1.5,-35.0,0.5):(-2.491973,-35.062275,0.389909):(0.0,0.0)
r_foot:4:(-2.5,-2.0,1.0):(-3.456945,-1.980688,1.289632):(0.0,0.0)
r_leg2:18:(-0.5,-35.0,3.0):(-1.058245,-35.113132,3.821930):(0.0,0.0)
r_foot:8:(-1.5,-2.0,2.5):(-1.971408,-1.941333,3.379964):(0.0,0.0)
r_foot:10:(1.0,-2.0,2.5):(1.496059,-1.942239,3.366369):(0.0,0.0)
r_leg2:19:(1.5,-35.0,3.0):(2.059644,-35.096844,3.823057):(0.0,0.0)
r_foot:6:(2.0,-2.0,1.0):(2.964741,-1.982488,1.262627):(0.0,0.0)
r_leg2:15:(2.5,-35.0,0.5):(3.493877,-35.039314,0.396722):(0.0,0.0)
r_foot:2:(2.0,-2.0,-2.0):(2.983389,-1.818969,-2.013392):(0.5,1.0)
l_leg2:3:(1.0,-1.0,-3.0):(1.430171,-1.148411,-3.890466):(1.0,1.0)
l_leg1:14:(0.0,-35.0,-1.5):(-0.487187,-35.140530,-2.361917):(0.0,0.0)
l_leg1:15:(2.5,-35.0,-1.5):(2.987186,-35.140530,-2.361917):(0.0,0.0)
l_leg2:2:(-1.5,-1.0,-3.0):(-1.930170,-1.148411,-3.890466):(0.5,1.0)
l_leg1:12:(4.5,-33.5,1.5):(5.482428,-33.591042,1.337055):(0.0,0.0)
l_leg2:0:(3.0,-4.0,0.0):(3.954599,-4.040751,-0.295099):(1.0,0.0)
l_leg1:16:(2.5,-31.0,4.5):(3.095112,-31.044964,5.302385):(0.0,0.0)
l_leg2:10:(1.0,-6.0,3.5):(1.674780,-5.931828,4.234865):(0.0,0.0)
l_leg1:17:(0.0,-31.0,4.5):(-0.696728,-31.058783,5.214924):(0.0,0.0)
l_leg2:11:(-1.5,-6.0,3.5):(-2.174778,-5.931828,4.234865):(0.0,0.0)
l_leg2:1:(-3.5,-4.0,0.0):(-4.454597,-4.040751,-0.295099):(0.5,0.0)
l_leg1:13:(-2.0,-33.5,1.5):(-2.991587,-33.547077,1.379422):(0.0,0.0)
l_foot:13:(-1.0,-1.0,-4.0):(-1.464277,-0.207547,-4.395557):(0.0,0.0)
l_leg2:16:(-1.5,-35.0,-1.5):(-2.025583,-35.035431,-2.350006):(0.0,0.0)
l_leg2:17:(0.5,-35.0,-1.5):(1.025212,-35.046360,-2.349710):(0.0,0.0)
l_foot:12:(1.5,-1.0,-4.0):(1.989878,-0.242199,-4.430998):(0.0,0.0)
l_foot:0:(2.5,-2.0,-2.0):(3.482125,-1.829518,-2.079813):(1.0,0.0)
l_leg2:14:(1.5,-35.0,0.5):(2.491972,-35.062275,0.389909):(0.0,0.0)
l_foot:4:(2.5,-2.0,1.0):(3.457094,-2.000000,1.289785):(0.0,0.0)
l_leg2:18:(0.5,-35.0,3.0):(1.058246,-35.113132,3.821930):(0.0,0.0)
l_foot:8:(1.5,-2.0,2.5):(1.972046,-1.962262,3.380768):(0.0,0.0)
l_foot:10:(-1.0,-2.0,2.5):(-1.496665,-1.961671,3.367098):(0.0,0.0)
l_leg2:19:(-1.5,-35.0,3.0):(-2.059644,-35.096844,3.823057):(0.0,0.0)
l_foot:6:(-2.0,-2.0,1.0):(-2.964868,-2.000000,1.262742):(0.0,0.0)
l_leg2:15:(-2.5,-35.0,0.5):(-3.493877,-35.039314,0.396722):(0.0,0.0)
l_foot:2:(-2.0,-2.0,-2.0):(-2.983389,-1.818973,-2.013392):(0.5,1.0)
Material:
(240,255,255,255)::
FaceArray:
0,1,2:0
1,3,2:0
0,2,4:0
4,2,5:0
4,5,6:0
6,5,7:0
6,7,8:0
8,7,9:0
8,9,10:0
8,10,11:0
11,3,1:0
3,11,10:0
12,13,14:0
12,14,15:0
12,15,16:0
12,16,17:0
17,16,18:0
17,18,19:0
19,18,20:0
19,20,21:0
19,21,22:0
22,21,23:0
22,23,24:0
24,23,25:0
24,25,13:0
13,25,14:0
26,27,28:0
26,29,27:0
30,26,28:0
31,26,30:0
32,31,30:0
33,31,32:0
34,33,32:0
35,33,34:0
36,35,34:0
37,36,34:0
27,29,37:0
36,37,29:0
38,39,40:0
41,38,40:0
42,41,40:0
43,42,40:0
44,42,43:0
45,44,43:0
46,44,45:0
47,46,45:0
48,47,45:0
49,47,48:0
50,49,48:0
51,49,50:0
39,51,50:0
38,51,39:0
</>
